0.0,-0.0,-0.0,14.0,
-1.8635743,-0.86370516,0.11725713,113.0,
-1.5260333,-0.94458973,0.40199777,0.0,
-1.7373037,-0.94458973,0.40199777,59.0,
-1.4400214,-1.05615,0.47188318,40.0,
-1.4481572,-1.0333471,0.5160638,0.0,
-1.1186731,-1.0950497,0.65838563,100.0,
-0.84790885,-1.0950497,0.65838563,59.0,
-1.0758603,-1.0181817,0.64083225,41.0,
-1.6344609,-0.87440246,0.5603342,0.0,
-1.913376,-0.78700686,0.4206586,100.0,
-2.174926,-0.78700686,0.4206586,59.0,
-1.9810226,-0.86924547,0.20133294,42.0,
-1.9778494,-0.9736103,-0.2126871,0.0,
-2.2147286,-0.79337007,-0.3454656,99.0,
-2.0682247,-0.79337007,-0.3454656,59.0,
-1.7624061,-0.88516736,0.08062231,42.0,
-1.9951152,-0.74219024,0.03363966,0.0,
-1.9404718,-0.7608977,0.14964066,99.0,
-1.9730561,-0.7608977,0.14964066,62.0,
-2.077633,-0.6910797,0.24607353,37.0,
-2.0336282,-0.71774626,0.22532922,0.0,
-2.0241556,-0.7227325,0.2785231,101.0,
-2.065478,-0.7227325,0.2785231,58.0,
-1.9370407,-0.79339963,0.31747544,41.0,
-1.8343971,-0.843257,0.32340905,0.0,
-1.8364681,-0.84453076,0.31068558,100.0,
-2.0251045,-0.84453076,0.31068558,63.0,
-1.9089695,-0.90303403,0.3388342,37.0,
-1.8774018,-0.9237917,0.31391394,0.0,
-1.817435,-0.94745165,0.33898652,99.0,
-1.791999,-0.94745165,0.33898652,60.0,
-1.7842094,-0.95953083,0.30027282,40.0,
-1.8991257,-0.92058325,0.22719014,0.0,
-1.9505,-0.88647664,0.26730603,101.0,
-2.0253541,-0.88647664,0.26730603,60.0,
-2.0056853,-0.895392,0.27914426,40.0,
-2.0380344,-0.8750596,0.34090352,0.0,
-2.0668902,-0.8625657,0.29722446,101.0,
-2.2537937,-0.8625657,0.29722446,59.0,
-2.101306,-0.93927133,0.2194111,41.0,
-2.1081746,-0.94382817,0.11412367,0.0,
-2.0793254,-0.9687005,0.052173536,99.0,
-2.3307183,-0.9687005,0.052173536,60.0,
-2.2767954,-1.0151808,-0.03347288,40.0,
-2.2565799,-1.05549,-0.17317532,0.0,
-2.2216148,-1.0991083,-0.24445023,100.0,
-2.3252585,-1.0991083,-0.24445023,60.0,
-2.352452,-1.0879079,-0.28399307,40.0,
-2.2855978,-1.1499699,-0.31889462,0.0,
-2.3319983,-1.1034468,-0.28020072,100.0,
-2.217793,-1.1034468,-0.28020072,59.0,
-2.2073743,-1.099456,-0.24126574,40.0,
-2.2138484,-1.0818115,-0.19188116,0.0,
-2.2402937,-1.0497265,-0.13130546,100.0,
-2.0842438,-1.0497265,-0.13130546,60.0,
-2.103264,-1.0342734,-0.11656013,40.0,
-2.1486976,-1.0045649,-0.11500092,0.0,
-2.152563,-0.9925993,-0.06719574,100.0,
-1.9599254,-0.9925993,-0.06719574,59.0,
-1.947704,-0.9981057,-0.061177686,40.0,
-2.1054482,-0.9004049,-0.0707424,0.0,
-2.0703347,-0.9091654,0.016669808,101.0,
-1.958534,-0.9091654,0.016669808,59.0,
-2.021778,-0.83692044,0.21094416,41.0,
-2.068677,-0.80879956,0.31226122,0.0,
-2.1756465,-0.74541324,0.24400263,99.0,
-2.1273377,-0.74541324,0.24400263,61.0,
-2.1024926,-0.7601522,0.21796876,40.0,
-2.0183663,-0.8094436,0.21768074,0.0,
-2.0317347,-0.8033908,0.19636814,100.0,
-2.001819,-0.8033908,0.19636814,59.0,
-2.018933,-0.7916176,0.2293246,41.0,
-2.0267255,-0.7881953,0.2122043,0.0,
-1.9923363,-0.81005937,0.18276292,101.0,
-1.9887804,-0.81005937,0.18276292,58.0,
-1.9849122,-0.81231374,0.18290055,41.0,
-1.9783509,-0.815368,0.18906078,0.0,
-1.9843621,-0.8132425,0.17805102,100.0,
-2.0202057,-0.8132425,0.17805102,59.0,
-1.9531691,-0.8515071,0.19146833,45.0,
-1.9967638,-0.82622445,0.18901347,0.0,
-1.9912738,-0.8243601,0.230005,95.0,
-2.0063713,-0.8243601,0.230005,59.0,
-2.0381582,-0.80151004,0.260871,41.0,
-1.9806081,-0.8328111,0.2821497,0.0,
-1.9762911,-0.83871657,0.2555,100.0,
-1.9856238,-0.83871657,0.2555,59.0,
-1.9838588,-0.83917314,0.2603278,40.0,
-2.0054994,-0.82893574,0.24592209,0.0,
-2.0397158,-0.81019455,0.24099967,100.0,
-2.0944967,-0.81019455,0.24099967,61.0,
-2.1013205,-0.80594647,0.24904035,39.0,
-2.0374856,-0.84368825,0.23027673,0.0,
-1.9165453,-0.899915,0.2791166,100.0,
-1.8894624,-0.899915,0.2791166,59.0,
-1.9746413,-0.8605099,0.25668433,40.0,
-1.9625148,-0.8674945,0.25200346,0.0,
-1.9014099,-0.9029111,0.22947237,101.0,
-1.9997358,-0.9029111,0.22947237,59.0,
-2.0689692,-0.8645462,0.21952891,40.0,
-2.066194,-0.8664633,0.21710062,0.0,
-2.0071597,-0.9039342,0.19593735,100.0,
-2.0234866,-0.9039342,0.19593735,60.0,
-1.9823855,-0.92496324,0.21151748,40.0,
-1.9912344,-0.9157397,0.23617354,0.0,
-1.8050531,-0.9915191,0.31055328,100.0,
-1.8621258,-0.9915191,0.31055328,60.0,
-1.911976,-0.96888494,0.30573562,39.0,
-2.0078166,-0.92553955,0.2714706,0.0,
-1.9500232,-0.94679064,0.32559317,100.0,
-1.8122905,-0.94679064,0.32559317,60.0,
-1.733287,-0.9675916,0.37828857,40.0,
-1.8974648,-0.9168753,0.27894068,0.0,
-2.070265,-0.8353938,0.17355528,100.0,
-2.0083575,-0.8353938,0.17355528,60.0,
-2.1104043,-0.7694379,0.17949757,41.0,
-2.0645475,-0.79743093,0.21059366,0.0,
-2.1212356,-0.7611585,0.22522752,100.0,
-2.0193686,-0.7611585,0.22522752,59.0,
-2.0048308,-0.77008134,0.20299023,41.0,
-2.0129085,-0.7664137,0.18695271,0.0,
-2.0283313,-0.75956535,0.14979492,100.0,
-2.0189486,-0.75956535,0.14979492,59.0,
-2.0534747,-0.739808,0.16664723,40.0,
-2.0471122,-0.7434237,0.17698458,0.0,
-2.0033195,-0.7674056,0.16860853,100.0,
-1.9823049,-0.7674056,0.16860853,61.0,
-1.938863,-0.79825795,0.12168204,39.0,
-1.991038,-0.7659896,0.12847444,0.0,
-2.0114865,-0.75282395,0.13407032,101.0,
-2.066654,-0.75282395,0.13407032,59.0,
-2.0370429,-0.7702236,0.1611248,40.0,
-2.0501971,-0.7624663,0.15223397,0.0,
-2.0408626,-0.7672195,0.1691414,120.0,
-2.0239625,-0.7672195,0.1691414,39.0,
-2.0291114,-0.76421237,0.17207222,40.0,
-2.009013,-0.7748314,0.18433672,0.0,
-2.0183892,-0.770042,0.17626965,101.0,
-2.0457115,-0.770042,0.17626965,58.0,
-2.0027347,-0.79466146,0.07446036,42.0,
-1.8401301,-0.906865,-0.046056177,0.0,
-1.9028771,-0.8428106,0.10682987,99.0,
-1.7726088,-0.8428106,0.10682987,59.0,
-1.7965717,-0.8011064,0.20883456,41.0,
-1.8931947,-0.7425546,0.24772736,0.0,
-2.0737104,-0.63918775,0.2799533,100.0,
-1.8965249,-0.63918775,0.2799533,59.0,
-1.9861343,-0.5879309,0.25573096,40.0,
-1.9765302,-0.59385985,0.2596607,0.0,
-1.8735096,-0.65052134,0.29464462,100.0,
-1.9578543,-0.65052134,0.29464462,59.0,
-1.8047487,-0.73765916,0.2815122,40.0,
-1.7475102,-0.7662608,0.28895238,0.0,
-1.7858968,-0.7485959,0.27730358,101.0,
-1.7727567,-0.7485959,0.27730358,59.0,
-1.8163257,-0.7139033,0.3175488,41.0,
-1.880688,-0.66953933,0.37748706,0.0,
-1.8651657,-0.6769905,0.38719192,100.0,
-1.8506714,-0.6769905,0.38719192,60.0,
-1.8668703,-0.669581,0.37769634,40.0,
-1.7937611,-0.7054998,0.38339928,0.0,
-1.8364052,-0.6936954,0.31158987,100.0,
-1.9601034,-0.6936954,0.31158987,60.0,
-1.898723,-0.72939605,0.28258106,44.0,
-1.8913502,-0.7383856,0.24438737,0.0,
-1.9601027,-0.7021509,0.19608898,95.0,
-1.9654632,-0.7021509,0.19608898,59.0,
-1.9306936,-0.71844995,0.24657455,41.0,
-1.9529138,-0.7050165,0.2527212,0.0,
-2.0078087,-0.67243725,0.23770596,100.0,
-2.1070533,-0.67243725,0.23770596,61.0,
-2.0272927,-0.72209674,0.32468054,38.0,
-1.9526815,-0.7586716,0.30273506,0.0,
-2.0088766,-0.73179066,0.3458728,100.0,
-2.0354035,-0.73179066,0.3458728,59.0,
-2.1328928,-0.6729559,0.25464794,42.0,
-2.022034,-0.7355544,0.14214122,0.0,
-2.1045964,-0.6829684,0.16582246,149.0,
-2.068213,-0.70746833,0.21719597,0.0,
-2.1219444,-0.70746833,0.21719597,9.0,
-2.1587076,-0.68348247,0.21113317,91.0,
-2.1325555,-0.69656,0.12759762,100.0,
-2.0356169,-0.7579018,0.22313255,0.0,
-2.113879,-0.7579018,0.22313255,9.0,
-2.0931137,-0.76939654,0.18018539,91.0,
-2.10333,-0.76319665,0.17730713,101.0,
-2.1464348,-0.7363484,0.1853635,0.0,
-2.180166,-0.7363484,0.1853635,8.0,
-2.1504753,-0.7531961,0.17278554,91.0,
-2.159227,-0.7479347,0.17277977,100.0,
-2.1821952,-0.73671067,0.19966242,0.0,
-2.0376096,-0.73671067,0.19966242,8.0,
-2.092119,-0.7050599,0.18977226,91.0,
-2.1065817,-0.6959046,0.1834917,100.0,
-2.0946412,-0.7023696,0.16179062,0.0,
-2.137714,-0.7023696,0.16179062,9.0,
-2.1131074,-0.7176742,0.16004111,91.0,
-2.0561461,-0.7518149,0.137064,100.0,
-2.0637414,-0.7472017,0.14410491,0.0,
-2.0886374,-0.7472017,0.14410491,9.0,
-2.1011229,-0.73973906,0.14230031,91.0,
-2.1119,-0.73297983,0.13567626,100.0,
-2.1062164,-0.7371446,0.15494536,0.0,
-2.0193253,-0.7371446,0.15494536,9.0,
-2.0488148,-0.72024256,0.14505841,91.0,
-2.0369728,-0.7271019,0.1568416,100.0,
-2.0371664,-0.7270355,0.17766339,0.0,
-2.0881646,-0.7270355,0.17766339,9.0,
-2.0560594,-0.74671304,0.17280403,91.0,
-2.0541193,-0.74784124,0.17446223,100.0,
-2.054288,-0.7479325,0.16681522,0.0,
-2.073591,-0.7479325,0.16681522,9.0,
-2.0760438,-0.74716264,0.2052039,91.0,
-2.0609198,-0.7553892,0.1998197,100.0,
-2.042617,-0.7653136,0.20417337,0.0,
-2.0375445,-0.7653136,0.20417337,9.0,
-2.0275154,-0.77158266,0.18474002,91.0,
-2.0247402,-0.7728805,0.19100828,101.0,
-2.045927,-0.7610438,0.18425037,0.0,
-2.0130796,-0.7610438,0.18425037,9.0,
-2.004567,-0.7653642,0.19252172,91.0,
-2.0085247,-0.7635054,0.18521118,101.0,
-2.030152,-0.75164247,0.18068807,0.0,
-2.042731,-0.75164247,0.18068807,9.0,
-2.0466037,-0.74955386,0.18024807,91.0,
-2.050847,-0.7472367,0.1786182,102.0,
-2.0368702,-0.7547823,0.17595534,0.0,
-2.0225701,-0.7547823,0.17595534,7.0,
-2.02826,-0.7513812,0.17781135,92.0,
-1.990498,-0.7727836,0.18111461,99.0,
-2.0248377,-0.75315803,0.18321669,0.0,
-2.055457,-0.75315803,0.18321669,9.0,
-2.0485702,-0.7569927,0.19232984,91.0,
-2.057136,-0.7521023,0.19074012,101.0,
-2.0828512,-0.73684347,0.17102543,0.0,
-2.0224113,-0.73684347,0.17102543,9.0,
-2.0200682,-0.7380655,0.17533441,90.0,
-2.001131,-0.7485693,0.18148269,101.0,
-2.0033016,-0.74779665,0.17166555,0.0,
-2.053099,-0.74779665,0.17166555,9.0,
-2.0267649,-0.7621998,0.18773903,91.0,
-2.0152943,-0.76822495,0.1918276,101.0,
-2.0278912,-0.76163846,0.18501323,0.0,
-1.9710702,-0.76163846,0.18501323,9.0,
-1.9781082,-0.75831413,0.17739995,90.0,
-1.9894127,-0.75241506,0.17198338,101.0,
-1.974746,-0.76005644,0.17872503,0.0,
-2.0013003,-0.76005644,0.17872503,9.0,
-2.0095487,-0.75558823,0.17992382,91.0,
-2.0160615,-0.7523954,0.16733104,100.0,
-1.9943595,-0.7642676,0.16754931,0.0,
-1.9963139,-0.7642676,0.16754931,9.0,
-2.0143785,-0.7537043,0.17333686,91.0,
-2.0170178,-0.7517937,0.1839121,101.0,
-2.0080616,-0.75636065,0.1953543,0.0,
-2.0425875,-0.75636065,0.1953543,9.0,
-2.036945,-0.7594047,0.18210925,141.0,
-2.0732512,-0.73946697,0.18687966,0.0,
-2.0388937,-0.73946697,0.18687966,59.0,
-2.0322382,-0.743073,0.19908541,41.0,
-2.0335875,-0.7424545,0.19075938,0.0,
-2.029556,-0.7446719,0.19470094,100.0,
-2.0794423,-0.7446719,0.19470094,60.0,
-2.0626733,-0.75386786,0.18808647,42.0,
-2.067177,-0.7512476,0.1787071,0.0,
-2.04836,-0.76177824,0.17804565,99.0,
-2.0554776,-0.76177824,0.17804565,60.0,
-2.064508,-0.7569811,0.18621849,40.0,
-2.059365,-0.75970024,0.18172713,0.0,
-2.070592,-0.75346524,0.17668672,101.0,
-2.0662575,-0.75346524,0.17668672,59.0,
-2.0546973,-0.75999784,0.1704637,40.0,
-2.0713632,-0.7504977,0.16932097,0.0,
-2.074137,-0.7488863,0.16823617,100.0,
-2.0375514,-0.7488863,0.16823617,59.0,
-2.0402632,-0.74739736,0.16481362,40.0,
-2.0472834,-0.74335796,0.16264412,0.0,
-2.0388477,-0.7482471,0.16334552,100.0,
-2.0349617,-0.7482471,0.16334552,60.0,
-2.0500057,-0.7398393,0.15436767,40.0,
-2.0553312,-0.73682183,0.16043872,0.0,
-2.048625,-0.74062675,0.1624318,101.0,
-2.0710945,-0.74062675,0.1624318,60.0,
-2.073375,-0.7392736,0.15583193,40.0,
-2.1001184,-0.7226164,0.15522666,0.0,
-2.1067598,-0.71827734,0.15078874,101.0,
-2.0696313,-0.71827734,0.15078874,59.0,
-2.0481677,-0.73088264,0.15862894,40.0,
-2.0567107,-0.7260241,0.1629132,0.0,
-2.0573788,-0.7255807,0.15837795,117.0,
-2.0523548,-0.7255807,0.15837795,43.0,
-2.0562887,-0.72321004,0.1555948,58.0,
-2.07345,-0.71260846,0.16065219,100.0,
-2.0419195,-0.7316641,0.17037386,0.0,
-2.0543096,-0.7316641,0.17037386,42.0,
-2.0671701,-0.7242544,0.1594254,91.0,
-2.058945,-0.72836,0.14009808,101.0,
-2.0918248,-0.70811355,0.11190585,0.0,
-2.0937212,-0.70811355,0.11190585,8.0,
-2.0887218,-0.7113794,0.11475427,90.0,
-2.0915585,-0.70951,0.111583464,102.0,
-2.0822394,-0.7156122,0.124466866,0.0,
-2.0558789,-0.7156122,0.124466866,9.0,
-2.0388024,-0.72580165,0.14016674,89.0,
-2.0894144,-0.69390917,0.07925587,101.0,
-2.0604925,-0.7138734,0.0755433,0.0,
-2.1321032,-0.7138734,0.0755433,9.0,
-2.121479,-0.72143114,0.09156381,91.0,
-2.0918741,-0.7401281,0.09559211,100.0,
-2.1207108,-0.7225203,0.10642335,0.0,
-2.06035,-0.7225203,0.10642335,9.0,
-2.058233,-0.7238189,0.10181821,90.0,
-2.0571449,-0.7244527,0.11681881,101.0,
-2.0572166,-0.724414,0.11797729,0.0,
-2.0942888,-0.724414,0.11797729,8.0,
-2.0925188,-0.72555655,0.12342325,141.0,
-2.099559,-0.721215,0.1455101,0.0,
-2.0692089,-0.721215,0.1455101,59.0,
-2.0783672,-0.71568733,0.13961309,40.0,
-2.0681517,-0.7218132,0.1450024,0.0,
-2.0605931,-0.72602046,0.13563016,101.0,
-2.1083918,-0.72602046,0.13563016,59.0,
-2.1022995,-0.7300061,0.14069894,40.0,
-2.0782788,-0.7450216,0.14497343,0.0,
-2.084384,-0.74129367,0.13701305,101.0,
-2.0518079,-0.74129367,0.13701305,59.0,
-2.1228895,-0.69646,0.14250012,40.0,
-2.1073182,-0.7073099,0.1602717,0.0,
-2.0874677,-0.7197039,0.16439234,100.0,
-2.0673873,-0.7197039,0.16439234,59.0,
-2.0663419,-0.7197993,0.14569987,40.0,
-2.0845478,-0.7097259,0.16167207,0.0,
-2.0699568,-0.71799463,0.15698256,102.0,
-2.121441,-0.71799463,0.15698256,59.0,
-2.1136827,-0.7219426,0.14764939,39.0,
-2.1123874,-0.72238,0.14201894,0.0,
-2.1111653,-0.7233744,0.1466824,101.0,
-2.1246119,-0.7233744,0.1466824,59.0,
-2.1247745,-0.72293293,0.13681377,41.0,
-2.1266212,-0.72194004,0.14304313,0.0,
-2.133414,-0.71803993,0.15437207,100.0,
-2.0723596,-0.71803993,0.15437207,59.0,
-2.0741053,-0.71697867,0.15264998,41.0,
-2.0702624,-0.7188677,0.14415704,0.0,
-2.0778427,-0.71443385,0.14272965,101.0,
-2.0801687,-0.71443385,0.14272965,58.0,
-2.081241,-0.7137456,0.14179148,40.0,
-2.072721,-0.71922934,0.13065515,0.0,
-2.0683079,-0.7220701,0.12973583,101.0,
-2.123135,-0.7220701,0.12973583,59.0,
-2.1202645,-0.723699,0.12498315,41.0,
-2.1218905,-0.72257465,0.12268006,0.0,
-2.1463954,-0.7063064,0.117609635,101.0,
-2.1491766,-0.7063064,0.117609635,59.0,
-2.1412594,-0.7125249,0.13375102,40.0,
-2.1276166,-0.7210451,0.12963133,0.0,
-2.1275394,-0.72191775,0.14549863,101.0,
-2.081151,-0.72191775,0.14549863,59.0,
-2.1244628,-0.6945473,0.13729014,40.0,
-2.0996335,-0.7099451,0.124678195,0.0,
-2.0983765,-0.7113382,0.14323276,100.0,
-2.1088572,-0.7113382,0.14323276,59.0,
-2.1317384,-0.69724894,0.13871297,45.0,
-2.1330302,-0.6953813,0.12621358,0.0,
-2.1063259,-0.7119839,0.12944536,96.0,
-2.0968227,-0.7119839,0.12944536,59.0,
-2.1073263,-0.705238,0.12356214,41.0,
-2.1136796,-0.70135146,0.12538007,0.0,
-2.1263795,-0.6939335,0.13423787,100.0,
-2.1114168,-0.6939335,0.13423787,60.0,
-2.1022975,-0.7001701,0.14148836,40.0,
-2.0880723,-0.7092581,0.13758363,0.0,
-2.084035,-0.7118212,0.13571462,101.0,
-2.0427122,-0.7118212,0.13571462,59.0,
-2.0495753,-0.70749885,0.13140294,90.0,
-2.050389,-0.7066951,0.1411532,0.0,
-2.0648859,-0.6972633,0.1385289,101.0,
-2.0679471,-0.69518745,0.14707063,0.0,
-2.1231,-0.69518745,0.14707063,8.0,
-2.1255617,-0.6933583,0.14317559,91.0,
-2.1109614,-0.7033976,0.14915769,100.0,
-2.1097941,-0.7040417,0.14397882,0.0,
-2.1402433,-0.7040417,0.14397882,9.0,
-2.133056,-0.7087145,0.14530817,91.0,
-2.1432695,-0.7011342,0.13059597,100.0,
-2.153546,-0.6947585,0.13608445,0.0,
-2.126935,-0.6947585,0.13608445,8.0,
-2.107077,-0.7076626,0.14490177,91.0,
-2.0949667,-0.7152057,0.14999184,100.0,
-2.100685,-0.711626,0.14668438,0.0,
-2.1056027,-0.711626,0.14668438,9.0,
-2.1231935,-0.7004213,0.14322068,91.0,
-2.1224604,-0.7011618,0.14765076,100.0,
-2.1113226,-0.7083606,0.15194172,0.0,
-2.1378593,-0.7083606,0.15194172,9.0,
-2.143886,-0.7045823,0.15291522,91.0,
-2.0750604,-0.7045823,0.15291522,110.0,
-2.0571625,-0.7152744,0.15278994,39.0,
-2.0695853,-0.7078592,0.15208481,0.0,
-2.0723422,-0.7063097,0.15612367,0.0,
-2.0611691,-0.7128887,0.15202199,100.0,
-2.0499656,-0.7128887,0.15202199,59.0,
-2.0538926,-0.710244,0.15385576,40.0,
-2.0557144,-0.7088141,0.16241412,0.0,
-2.052306,-0.7110283,0.16244414,100.0,
-2.065662,-0.7110283,0.16244414,59.0,
-2.0586438,-0.71538466,0.15575661,40.0,
-2.0647845,-0.7115654,0.15222903,0.0,
-2.063094,-0.7127164,0.17707941,100.0,
-2.0724857,-0.7127164,0.17707941,61.0,
-2.071197,-0.7134731,0.1773533,39.0,
-2.0916934,-0.7013049,0.17472938,0.0,
-2.0785904,-0.7090251,0.17375669,101.0,
-2.0949419,-0.6994849,0.17690192,5.0,
-2.1561449,-0.6994849,0.17690192,53.0,
-2.1449542,-0.70630497,0.17356478,91.0,
-2.1398141,-0.7084008,0.15759426,100.0,
-2.1398413,-0.7089265,0.1654587,0.0,
-2.052767,-0.7089265,0.1654587,9.0,
-2.0406601,-0.71655715,0.16258666,92.0,
-2.105066,-0.71655715,0.16258666,108.0,
-2.1072414,-0.7149354,0.15533186,41.0,
-2.1147556,-0.7103431,0.15979052,0.0,
-2.113861,-0.7111332,0.16473988,0.0,
-2.118764,-0.70823056,0.16843626,100.0,
-2.07457,-0.70823056,0.16843626,59.0,
-2.073346,-0.7089834,0.16599345,40.0,
-2.0752225,-0.70784247,0.1706272,0.0,
-2.0783694,-0.7058329,0.16845432,100.0,
-2.106322,-0.7058329,0.16845432,59.0,
-2.1032457,-0.7073079,0.16287322,41.0,
-2.079598,-0.72177094,0.17682268,0.0,
-2.1023405,-0.7077658,0.16148716,100.0,
-2.069621,-0.7077658,0.16148716,59.0,
-2.0509758,-0.71866053,0.16789894,40.0,
-2.0577483,-0.7146128,0.15932502,0.0,
-2.073815,-0.70542413,0.1645211,100.0,
-2.1440377,-0.70542413,0.1645211,60.0,
-2.1348712,-0.7099967,0.15452437,40.0,
-2.1322527,-0.71128684,0.15108128,0.0,
-2.1285076,-0.71365553,0.15250406,101.0,
-2.0626135,-0.71365553,0.15250406,59.0,
-2.0572884,-0.7169903,0.1627867,40.0,
-2.065493,-0.7123189,0.16047741,0.0,
-2.0647626,-0.7129392,0.16554642,100.0,
-2.0648458,-0.7129392,0.16554642,59.0,
-2.0715683,-0.70880836,0.1597926,40.0,
-2.0825655,-0.70211715,0.15830447,0.0,
-2.0761602,-0.7058729,0.15352021,101.0,
-2.1091025,-0.7058729,0.15352021,59.0,
-2.0891979,-0.7180556,0.15884371,41.0,
-2.0933156,-0.7156926,0.16021396,0.0,
-2.109281,-0.7062929,0.16203497,100.0,
-2.1363382,-0.7062929,0.16203497,59.0,
-2.1262324,-0.71292686,0.16782409,40.0,
-2.1159825,-0.719229,0.17010382,0.0,
-2.117875,-0.7177798,0.16514938,100.0,
-2.0505881,-0.7177798,0.16514938,59.0,
-2.060251,-0.7119493,0.16633293,41.0,
-2.0648105,-0.7092211,0.16993116,0.0,
-2.056686,-0.7141093,0.16692519,99.0,
-2.1351366,-0.7141093,0.16692519,60.0,
-2.1364484,-0.71301174,0.16249867,40.0,
-2.1432977,-0.70896584,0.16895077,0.0,
-2.1376512,-0.71287113,0.17309786,100.0,
-2.0822845,-0.71287113,0.17309786,60.0,
-2.0686798,-0.7208337,0.16437995,40.0,
-2.0748267,-0.7172488,0.16969748,0.0,
-2.0691738,-0.72070247,0.17424692,100.0,
-2.0691772,-0.72070247,0.17424692,59.0,
-2.0885463,-0.7093842,0.16768809,40.0,
-2.0878434,-0.70998853,0.17123282,0.0,
-2.093076,-0.7069521,0.1708866,100.0,
-2.0876667,-0.71027946,0.17451473,5.0,
-2.102231,-0.71027946,0.17451473,54.0,
-2.0990977,-0.7125949,0.18249574,91.0,
-2.0892153,-0.71771723,0.16894746,100.0,
-2.0959358,-0.714189,0.17793447,0.0,
-2.0303977,-0.714189,0.17793447,9.0,
-2.0358624,-0.7110121,0.17173645,91.0,
-2.0420048,-0.70737594,0.16392598,100.0,
-2.0304315,-0.7143078,0.16877021,0.0,
-2.052003,-0.7143078,0.16877021,9.0,
-2.054928,-0.7124841,0.16802196,91.0,
-2.038663,-0.72296125,0.15707058,104.0,
-2.0640044,-0.7069347,0.14939143,0.0,
-2.045282,-0.7069347,0.14939143,6.0,
-2.0305326,-0.71573216,0.1634448,90.0,
-2.03295,-0.7141517,0.17034486,101.0,
-2.0476806,-0.7052706,0.16803104,0.0,
-2.0176656,-0.7052706,0.16803104,8.0,
-2.0132465,-0.7075178,0.16276449,91.0,
-1.9889098,-0.7202963,0.16226491,101.0,
-1.9792026,-0.72534674,0.16019446,0.0,
-2.0309906,-0.72534674,0.16019446,9.0,
-2.0424712,-0.7187158,0.15317512,91.0,
-2.0403826,-0.7199338,0.17032246,100.0,
-2.055633,-0.7111265,0.169583,0.0,
-2.1142433,-0.7111265,0.169583,9.0,
-2.1216087,-0.7063995,0.16444172,90.0,
-2.1040976,-0.7161486,0.15726654,100.0,
-2.0605996,-0.74105066,0.16661705,0.0,
-1.9900672,-0.74105066,0.16661705,8.0,
-2.0230484,-0.7237419,0.1587111,91.0,
-2.0739393,-0.6955053,0.15872152,100.0,
-2.0460613,-0.71176946,0.1760298,0.0,
-2.1057794,-0.71176946,0.1760298,9.0,
-2.0870435,-0.72197556,0.17442612,91.0,
-2.0973191,-0.71570987,0.16587259,100.0,
-2.1012514,-0.7127273,0.15504809,0.0,
-2.0716102,-0.7127273,0.15504809,10.0,
-2.0637336,-0.71738327,0.15954854,90.0,
-2.0562632,-0.72169155,0.16322277,100.0,
-2.0617607,-0.7186903,0.16545574,0.0,
-2.037722,-0.7186903,0.16545574,11.0,
-2.0401473,-0.7173199,0.17162845,88.0,
-2.0108318,-0.7335357,0.18888487,101.0,
-2.054799,-0.7087502,0.16493587,0.0,
-2.0349905,-0.7087502,0.16493587,9.0,
-1.9999142,-0.7269365,0.16486557,91.0,
-2.0162156,-0.7184937,0.16056924,101.0,
-2.0249643,-0.7139377,0.16180347,0.0,
-2.0694358,-0.7139377,0.16180347,8.0,
-2.0664616,-0.7156742,0.16276602,90.0,
-2.0003462,-0.75187486,0.16906396,100.0,
-2.0498035,-0.72535753,0.17520769,0.0,
-2.0333803,-0.72535753,0.17520769,9.0,
-2.0634282,-0.7083649,0.16959153,93.0,
-2.0456705,-0.71846694,0.17026146,98.0,
-2.0358818,-0.72388947,0.16219911,0.0,
-2.1033142,-0.72388947,0.16219911,11.0,
-2.1090753,-0.7207792,0.16890085,88.0,
-2.1211424,-0.7128806,0.15890597,101.0,
-2.099715,-0.7260314,0.16200271,0.0,
-2.0534387,-0.7260314,0.16200271,9.0,
-2.0633287,-0.7201446,0.16350083,90.0,
-2.0636358,-0.719935,0.16023444,101.0,
-2.05165,-0.7270994,0.1599448,0.0,
-2.0164182,-0.7270994,0.1599448,8.0,
-2.025718,-0.72203493,0.17981823,91.0,
-2.019558,-0.72532356,0.17333332,100.0,
-2.0425715,-0.7125899,0.16791345,0.0,
-2.0687544,-0.7125899,0.16791345,9.0,
-2.0564153,-0.7194843,0.16789763,91.0,
-2.0408452,-0.7281141,0.17186579,100.0,
-2.0240479,-0.7371917,0.14929317,0.0,
-1.9827101,-0.7371917,0.14929317,10.0,
-1.9420977,-0.76350087,0.13140328,89.0,
-1.9271995,-0.7864139,0.050443355,101.0,
-1.8173126,-0.8501837,0.070233785,0.0,
-1.9789492,-0.8501837,0.070233785,9.0,
-1.9690715,-0.8515975,0.09769211,92.0,
-1.9528632,-0.8642747,0.07762609,99.0,
-2.0489132,-0.80201143,0.12109746,0.0,
-1.9638529,-0.80201143,0.12109746,9.0,
-2.0197184,-0.7709086,0.12879172,91.0,
-2.032512,-0.7635178,0.13454749,100.0,
-2.0482492,-0.7545355,0.13808726,0.0,
-2.1222444,-0.7545355,0.13808726,10.0,
-2.1309896,-0.7496386,0.14474611,90.0,
-2.1181798,-0.75676364,0.13285212,100.0,
-2.1356115,-0.7465067,0.1381027,0.0,
-1.9791906,-0.7465067,0.1381027,9.0,
-2.0110016,-0.72823966,0.13881543,92.0,
-2.0039725,-0.73210734,0.14395827,100.0,
-1.9819651,-0.7444083,0.14692786,0.0,
-2.00853,-0.7444083,0.14692786,9.0,
-2.0112438,-0.74261606,0.15481998,91.0,
-2.0204432,-0.73747617,0.15382417,100.0,
-2.0274303,-0.7334104,0.16132589,0.0,
-2.0438313,-0.7334104,0.16132589,10.0,
-2.057438,-0.7256066,0.15830363,89.0,
-2.0293856,-0.7415935,0.15608111,100.0,
-2.0453305,-0.732595,0.14585912,0.0,
-2.0394483,-0.732595,0.14585912,9.0,
-2.0333712,-0.73608845,0.14863959,91.0,
-2.0422258,-0.7309726,0.14520474,100.0,
-2.0436876,-0.7300855,0.14746009,0.0,
-2.0784354,-0.7300855,0.14746009,8.0,
-2.0688684,-0.73598474,0.15600078,91.0,
-2.0759969,-0.73154837,0.16332854,100.0,
-2.0658393,-0.73793656,0.15066162,0.0,
-2.0563521,-0.73793656,0.15066162,11.0,
-2.061551,-0.7348237,0.14495078,88.0,
-2.0677578,-0.7305948,0.15543714,100.0,
-2.055654,-0.7381972,0.15617119,0.0,
-2.06244,-0.7381972,0.15617119,10.0,
-2.0660338,-0.7360516,0.14961843,90.0,
-2.0603948,-0.7393956,0.15913706,100.0,
-2.0634034,-0.7378007,0.1647704,0.0,
-2.0254116,-0.7378007,0.1647704,9.0,
-2.0365548,-0.7316204,0.15493011,91.0,
-2.0218263,-0.73988307,0.15914622,53.0,
-2.0318005,-0.73425,0.16330555,6.0,
-2.0799139,-0.73425,0.16330555,52.0,
-2.078606,-0.7350793,0.15456523,56.0,
-2.0785532,-0.7351271,0.15222147,0.0,
-2.090288,-0.7277221,0.15137449,134.0,
-2.073571,-0.7382658,0.14986517,0.0,
-2.0820491,-0.7382658,0.14986517,9.0,
-2.0852036,-0.73626167,0.14031492,124.0,
-2.0736241,-0.7432811,0.14428902,0.0,
-2.0911753,-0.7432811,0.14428902,76.0,
-2.1043158,-0.73545337,0.1513745,59.0,
-2.1002219,-0.7380895,0.15689155,0.0,
-2.0972688,-0.7397437,0.15222147,133.0,
-2.0896807,-0.74449646,0.16281219,0.0,
-2.111565,-0.74449646,0.16281219,10.0,
-2.1039176,-0.74843585,0.13590899,123.0,
-2.1273298,-0.7342888,0.14820114,0.0,
-2.0513387,-0.7342888,0.14820114,76.0,
-2.0454836,-0.7376209,0.15821065,57.0,
-2.0550852,-0.73202944,0.15222147,0.0,
-2.0530822,-0.7333203,0.14228986,133.0,
-2.0371964,-0.74251616,0.1530779,0.0,
-2.0469627,-0.74251616,0.1530779,9.0,
-2.0794406,-0.723261,0.14306116,124.0,
-2.0420055,-0.7453847,0.15156636,0.0,
-2.097716,-0.7453847,0.15156636,76.0,
-2.1074626,-0.7395296,0.15499721,56.0,
-2.105931,-0.74061996,0.1605393,0.0,
-2.1163335,-0.73430747,0.16098905,135.0,
-2.1135077,-0.736018,0.1605393,0.0,
-2.0956948,-0.736018,0.1605393,7.0,
-2.104008,-0.7308944,0.15789363,124.0,
-2.0898623,-0.73946404,0.15732893,0.0,
-2.0484433,-0.73946404,0.15732893,76.0,
-2.0471191,-0.74016863,0.16189535,58.0,
-2.066797,-0.72845733,0.14970863,0.0,
-2.1042187,-0.70455855,0.13815255,134.0,
-2.0357661,-0.7474193,0.14351533,0.0,
-2.0682595,-0.7474193,0.14351533,9.0,
-2.03738,-0.7651438,0.14760621,124.0,
-2.0232947,-0.7723847,0.16660881,0.0,
-2.0610127,-0.7516191,0.15113755,68.0,
-2.0774074,-0.7516191,0.15113755,8.0,
-2.1064632,-0.73363334,0.15257819,143.0,
-2.0660758,-0.7583821,0.15540765,0.0,
-2.0088706,-0.7583821,0.15540765,57.0,
-2.0103831,-0.7572149,0.16065738,41.0,
-2.0076578,-0.7592998,0.15185222,0.0,
-2.0176222,-0.75321215,0.1569317,100.0,
-2.0960207,-0.75321215,0.1569317,59.0,
-2.096485,-0.75281584,0.17187098,40.0,
-2.1063097,-0.7466694,0.1725525,0.0,
-2.101181,-0.74989086,0.16232656,101.0,
-2.0700388,-0.74989086,0.16232656,59.0,
-2.0844567,-0.7412608,0.15762894,42.0,
-2.091145,-0.7371742,0.15623663,0.0,
-2.0746903,-0.7471373,0.16261911,150.0,
-2.0794477,-0.74429166,0.15977298,0.0,
-2.059418,-0.74429166,0.15977298,9.0,
-2.05661,-0.74597317,0.15112402,91.0,
-2.0832493,-0.73018384,0.15463595,99.0,
-2.075824,-0.7346176,0.15352125,0.0,
-2.1157775,-0.7346176,0.15352125,9.0,
-2.1084282,-0.73940957,0.14904788,92.0,
-2.1077342,-0.7398781,0.1570717,99.0,
-2.1142552,-0.7355915,0.15028833,0.0,
-2.0696206,-0.7355915,0.15028833,9.0,
-2.0799384,-0.7291284,0.14823957,91.0,
-2.0733685,-0.7331613,0.16509676,100.0,
-2.0597346,-0.741341,0.17342107,0.0,
-2.0665174,-0.741341,0.17342107,9.0,
-2.062592,-0.7436541,0.17800374,91.0,
-2.062966,-0.7436006,0.16496894,100.0,
-2.0645375,-0.74252594,0.1741974,0.0,
-2.1140313,-0.74252594,0.1741974,8.0,
-2.1187446,-0.7394026,0.16827147,91.0,
-2.1265686,-0.73417807,0.16744222,101.0,
-2.1152234,-0.74221516,0.1288164,0.0,
-2.1079295,-0.74221516,0.1288164,9.0,
-2.1004262,-0.7473305,0.12639798,91.0,
-2.0899904,-0.75336045,0.16437858,101.0,
-2.100786,-0.7465419,0.16919497,0.0,
-2.0910647,-0.7465419,0.16919497,8.0,
-2.1121802,-0.73336715,0.15506275,91.0,
-2.1186647,-0.72981286,0.16794258,101.0,
-2.109955,-0.7347893,0.15638697,0.0,
-2.1106088,-0.7347893,0.15638697,9.0,
-2.123973,-0.7260077,0.14703561,91.0,
-2.1248868,-0.72515094,0.13803843,101.0,
-2.1272688,-0.7239283,0.14882888,0.0,
-2.1527922,-0.7239283,0.14882888,9.0,
-2.149936,-0.72620076,0.15561175,91.0,
-2.1495614,-0.7266058,0.15816605,100.0,
-2.1551752,-0.72227734,0.14727053,0.0,
-2.1075356,-0.72227734,0.14727053,8.0,
-2.104378,-0.72403103,0.14464179,91.0,
-2.1008358,-0.72583276,0.13723943,100.0,
-2.1013348,-0.72579354,0.14350557,0.0,
-2.1172898,-0.72579354,0.14350557,8.0,
-2.1138685,-0.7277674,0.13663435,91.0,
-2.1219656,-0.7228219,0.14367355,101.0,
-2.119409,-0.72473204,0.15100104,0.0,
-2.0331452,-0.72473204,0.15100104,8.0,
-2.031364,-0.72581315,0.15039511,91.0,
-2.011005,-0.7389826,0.12872857,100.0,
-2.05289,-0.71285933,0.14040755,0.0,
-2.117769,-0.71285933,0.14040755,8.0,
-2.1252704,-0.70843047,0.14553209,91.0,
-2.1372313,-0.70089746,0.14629394,100.0,
-2.1420686,-0.6982072,0.15142046,0.0,
-2.1022258,-0.6982072,0.15142046,10.0,
-2.0867326,-0.70678014,0.14083228,90.0,
-2.0657587,-0.7190705,0.14210226,100.0,
-2.0763118,-0.71326077,0.14978103,0.0,
-2.0587435,-0.71326077,0.14978103,9.0,
-2.064971,-0.70935446,0.13742657,90.0,
-2.0565636,-0.71443087,0.13874105,100.0,
-2.0666907,-0.7082917,0.13614798,0.0,
-2.150545,-0.7082917,0.13614798,9.0,
-2.1533163,-0.7065786,0.14113617,91.0,
-2.1512804,-0.70847803,0.15095353,100.0,
-2.1462996,-0.71173906,0.14792022,0.0,
-2.111764,-0.71173906,0.14792022,9.0,
-2.107062,-0.71472204,0.14973472,91.0,
-2.0840855,-0.72851586,0.1469186,101.0,
-2.0881388,-0.72638065,0.15659626,0.0,
-2.076208,-0.72638065,0.15659626,8.0,
-2.1006448,-0.71120703,0.15262811,90.0,
-2.1049812,-0.7083406,0.14905246,100.0,
-2.0966072,-0.7138387,0.15589632,0.0,
-2.0878706,-0.7138387,0.15589632,9.0,
-2.093856,-0.71003,0.15054327,90.0,
-2.0919144,-0.7111885,0.15029201,100.0,
-2.085117,-0.71545005,0.15542142,0.0,
-2.0457356,-0.71545005,0.15542142,9.0,
-2.0431523,-0.71695316,0.15429163,91.0,
-2.0512295,-0.71223706,0.15580444,101.0,
-2.0600948,-0.70695233,0.1530088,0.0,
-2.0706787,-0.70695233,0.1530088,9.0,
-2.0681932,-0.70834225,0.15077116,140.0,
-2.0626788,-0.7119611,0.16432835,0.0,
-2.1020021,-0.7119611,0.16432835,60.0,
-2.0963976,-0.7151072,0.15247922,40.0,
-2.0925896,-0.7175022,0.15247749,0.0,
-2.1023698,-0.71138686,0.15442175,101.0,
-2.1056945,-0.71138686,0.15442175,60.0,
-2.1040008,-0.7127568,0.16181381,40.0,
-2.1022685,-0.71375823,0.16039596,0.0,
-2.0957108,-0.7179243,0.16462485,101.0,
-2.088575,-0.7179243,0.16462485,60.0,
-2.0926437,-0.71626765,0.18089168,40.0,
-2.109494,-0.7063772,0.18108054,0.0,
-2.091758,-0.71618277,0.16824478,100.0,
-2.0886688,-0.71618277,0.16824478,60.0,
-2.0682151,-0.72833246,0.17917866,40.0,
-2.0802267,-0.72159564,0.18039514,0.0,
-2.110235,-0.70367426,0.17293167,100.0,
-2.12781,-0.70367426,0.17293167,59.0,
-2.1163855,-0.71090204,0.17495564,40.0,
-2.1063964,-0.71734744,0.18169276,0.0,
-2.113046,-0.71283394,0.17277582,100.0,
-2.1149433,-0.7117538,0.17434216,53.0,
-2.1114135,-0.7140302,0.17641947,3.0,
-2.073635,-0.7140302,0.17641947,4.0,
-2.0394106,-0.73479956,0.17704642,139.0,
-2.0090115,-0.73479956,0.17704642,59.0,
-2.0303218,-0.72227424,0.17916933,40.0,
-2.0408053,-0.71601266,0.18315563,0.0,
-2.0298038,-0.7227363,0.17206724,101.0,
-2.0548706,-0.7227363,0.17206724,59.0,
-2.0471234,-0.7270226,0.17263766,40.0,
-2.0498097,-0.7254813,0.1697416,0.0,
-2.056921,-0.7216531,0.17386918,100.0,
-2.080637,-0.7216531,0.17386918,60.0,
-2.088306,-0.7169217,0.17709091,40.0,
-2.0847738,-0.7190978,0.17544854,0.0,
-2.084009,-0.719616,0.17834358,100.0,
-2.0735662,-0.719616,0.17834358,59.0,
-2.0761795,-0.7180192,0.17930128,41.0,
-2.0802178,-0.7155118,0.17828232,0.0,
-2.0745215,-0.71902746,0.17818928,100.0,
-2.0037465,-0.71902746,0.17818928,59.0,
-2.0055473,-0.717919,0.17933014,41.0,
-1.9840835,-0.73066,0.17580272,0.0,
-1.9882464,-0.72773117,0.1851823,151.0,
-2.0037525,-0.719138,0.17546198,0.0,
-2.0980074,-0.719138,0.17546198,9.0,
-2.0876706,-0.724733,0.17467256,123.0,
-2.0926855,-0.7216891,0.17016913,0.0,
-2.083099,-0.7216891,0.17016913,76.0,
-2.0909908,-0.7171846,0.17195342,58.0,
-2.0956786,-0.71489793,0.18010089,0.0,
-2.0926201,-0.71627545,0.17277582,133.0,
-2.0832806,-0.72208077,0.18159391,0.0,
-2.104718,-0.72208077,0.18159391,9.0,
-2.1024318,-0.7234389,0.1820973,125.0,
-2.108268,-0.71964836,0.1756367,0.0,
-2.003235,-0.71964836,0.1756367,77.0,
-1.9755298,-0.73572975,0.16560753,56.0,
-1.9778965,-0.7345858,0.16239901,0.0,
-1.9747949,-0.73563415,0.17450711,135.0,
-1.9987296,-0.7225332,0.16605526,0.0,
-2.0612555,-0.7225332,0.16605526,8.0,
-2.0401845,-0.7353324,0.1688326,58.0,
-2.0443068,-0.7327309,0.17438972,135.0,
-2.047571,-0.7307816,0.17389406,0.0,
-2.0586338,-0.7307816,0.17389406,8.0,
-2.0775158,-0.719482,0.1690753,91.0,
-2.062215,-0.7286558,0.17035902,99.0,
-2.071877,-0.72294724,0.1735637,0.0,
-2.0912843,-0.72294724,0.1735637,8.0,
-2.0541224,-0.74419826,0.1788608,91.0,
-2.0746918,-0.7323847,0.16785751,100.0,
-2.086678,-0.72570014,0.17537111,0.0,
-2.0649772,-0.72570014,0.17537111,9.0,
-2.067617,-0.7241052,0.16763389,91.0,
-2.0691595,-0.7231395,0.16961153,100.0,
-2.047612,-0.7363429,0.16924547,0.0,
-2.086058,-0.7363429,0.16924547,9.0,
-2.081678,-0.73906773,0.17619596,90.0,
-2.0924578,-0.73295194,0.1820238,101.0,
-2.0908663,-0.733722,0.1772291,0.0,
-2.060459,-0.733722,0.1772291,10.0,
-2.0671632,-0.7296705,0.16234966,90.0,
-2.0536184,-0.737646,0.16775644,100.0,
-2.0538998,-0.73748326,0.1675439,0.0,
-2.0150864,-0.73748326,0.1675439,9.0,
-2.027059,-0.73044586,0.16563468,91.0,
-2.0149336,-0.7372585,0.1751242,102.0,
-2.0226068,-0.7328719,0.1721199,0.0,
-2.0883996,-0.7328719,0.1721199,8.0,
-2.0926313,-0.73022354,0.16902971,90.0,
-2.0901427,-0.731931,0.17917266,101.0,
-2.079025,-0.73859584,0.17604984,0.0,
-2.1353352,-0.73859584,0.17604984,8.0,
-2.1409402,-0.7346678,0.1678835,141.0,
-2.1459424,-0.731277,0.16367237,0.0,
-2.093777,-0.731277,0.16367237,59.0,
-2.0933688,-0.7318853,0.17325954,40.0,
-2.094581,-0.7312785,0.17548259,0.0,
-2.0918064,-0.7330872,0.18035033,101.0,
-2.0945215,-0.7330872,0.18035033,60.0,
-2.0871544,-0.7380687,0.16666727,40.0,
-2.0832253,-0.7405337,0.17111176,0.0,
-2.091022,-0.73549855,0.16836347,65.0,
-2.146603,-0.73549855,0.16836347,95.0,
-2.1618626,-0.72584295,0.17787507,57.0,
-2.1575923,-0.7286089,0.17661136,0.0,
-2.161339,-0.72593164,0.1733817,134.0,
-2.1610065,-0.7261279,0.17290315,0.0,
-2.0682526,-0.7261279,0.17290315,8.0,
-2.0472972,-0.73860025,0.19181472,125.0,
-2.0751748,-0.72190493,0.19040263,0.0,
-2.091374,-0.72190493,0.19040263,76.0,
-2.0798044,-0.7293436,0.18705222,57.0,
-2.070131,-0.7357281,0.17631027,0.0,
-2.0694103,-0.7362303,0.17483404,134.0,
-2.0797675,-0.7295889,0.17195344,0.0,
-2.065116,-0.7295889,0.17195344,8.0,
-2.0541759,-0.73650247,0.15920556,124.0,
-2.059669,-0.733049,0.16239901,0.0,
-2.104854,-0.733049,0.16239901,76.0,
-2.0776322,-0.7496559,0.17219166,58.0,
-2.072772,-0.7525848,0.15719429,0.0,
-2.1016192,-0.73491335,0.15499721,68.0,
-2.0816157,-0.73491335,0.15499721,75.0,
-2.0840452,-0.7334226,0.16610587,41.0,
-2.085582,-0.7324598,0.16400841,0.0,
-2.0577767,-0.7491811,0.17688671,99.0,
-2.102753,-0.7491811,0.17688671,59.0,
-2.123417,-0.73629534,0.16718979,41.0,
-2.1257765,-0.73479414,0.16643114,0.0,
-2.1158562,-0.7413734,0.17848396,101.0,
-2.0639255,-0.7413734,0.17848396,58.0,
-2.0680232,-0.73921084,0.16061927,41.0,
-2.0627513,-0.7435787,0.13449079,0.0,
-2.0497608,-0.751872,0.13681942,100.0,
-2.065775,-0.751872,0.13681942,60.0,
-2.0732665,-0.74764836,0.1430524,40.0,
-2.0670867,-0.7511589,0.1423713,0.0,
-2.0725186,-0.7480833,0.14361776,101.0,
-2.051248,-0.7480833,0.14361776,59.0,
-2.0754778,-0.73342896,0.14333802,40.0,
-2.0677643,-0.7381404,0.14378545,0.0,
-2.0632036,-0.74079,0.16174753,100.0,
-2.1339283,-0.74079,0.16174753,59.0,
-2.132324,-0.7417416,0.1602971,41.0,
-2.1542459,-0.7279108,0.16329893,0.0,
-2.1604726,-0.72362673,0.15979013,100.0,
-2.1230996,-0.72362673,0.15979013,60.0,
-2.117861,-0.72688764,0.15626724,40.0,
-2.106237,-0.734254,0.15309921,0.0,
-2.1358883,-0.7147808,0.14786509,101.0,
-2.1324887,-0.7147808,0.14786509,59.0,
-2.1136563,-0.7269967,0.14479172,91.0,
-2.1088107,-0.73030907,0.15457976,0.0,
-2.0962431,-0.7382934,0.1624219,101.0,
-2.1126235,-0.7283103,0.16832219,0.0,
-2.102847,-0.7283103,0.16832219,8.0,
-2.1065814,-0.7259935,0.17180522,92.0,
-2.0990002,-0.7308129,0.17279634,100.0,
-2.1055362,-0.72657186,0.16708064,0.0,
-2.0920146,-0.72657186,0.16708064,8.0,
-2.075706,-0.73649883,0.16678686,90.0,
-2.0893807,-0.72821516,0.1684721,101.0,
-2.0847452,-0.73098606,0.16412665,0.0,
-2.1199646,-0.73098606,0.16412665,8.0,
-2.1289349,-0.7260012,0.17754804,91.0,
-2.1333907,-0.72363806,0.18435574,100.0,
-2.1450887,-0.7158087,0.17703794,0.0,
-2.136517,-0.7158087,0.17703794,9.0,
-2.1178186,-0.72764397,0.17324243,91.0,
-2.1149154,-0.72936845,0.16914801,101.0,
-2.1198368,-0.726378,0.17375408,0.0,
-2.0937269,-0.726378,0.17375408,8.0,
-2.0924857,-0.7270646,0.16747214,91.0,
-2.0794363,-0.7352033,0.17384957,100.0,
-2.090895,-0.7281468,0.17424168,0.0,
-2.0441365,-0.7281468,0.17424168,9.0,
-2.0554833,-0.7212786,0.16720732,90.0,
-2.0381997,-0.73178524,0.17343138,101.0,
-2.039904,-0.73072463,0.17428638,0.0,
-2.112003,-0.73072463,0.17428638,8.0,
-2.1074424,-0.73345894,0.17233428,92.0,
-2.106216,-0.73388,0.15974042,100.0,
-2.1070626,-0.733502,0.16578412,0.0,
-2.0610642,-0.733502,0.16578412,9.0,
-2.0783715,-0.72302884,0.16052653,92.0,
-2.0699766,-0.72815967,0.16364488,99.0,
-2.0752728,-0.7249552,0.16379721,0.0,
-2.0765293,-0.7249552,0.16379721,9.0,
-2.0846546,-0.7203877,0.17296429,93.0,
-2.0745957,-0.7262819,0.17222902,98.0,
-2.0304637,-0.75152135,0.16660966,0.0,
-2.017269,-0.75152135,0.16660966,8.0,
-2.038513,-0.73772883,0.17084564,91.0,
-2.0582063,-0.7249824,0.16998911,100.0,
-2.0590076,-0.7244692,0.16962531,0.0,
-2.1318796,-0.7244692,0.16962531,9.0,
-2.1301951,-0.72501713,0.16323851,91.0,
-2.1370656,-0.7203254,0.15601258,100.0,
-2.132663,-0.72345454,0.16219568,0.0,
-2.067823,-0.72345454,0.16219568,9.0,
-2.0705793,-0.7215254,0.16841525,93.0,
-2.0826855,-0.7135894,0.17301248,100.0,
-2.074947,-0.7187103,0.16667472,0.0,
-2.1194532,-0.7187103,0.16667472,6.0,
-2.1105578,-0.72410786,0.16105793,91.0,
-2.1063223,-0.72672874,0.15964532,100.0,
-2.0990438,-0.7315589,0.17190282,0.0,
-2.0687814,-0.7315589,0.17190282,9.0,
-2.0712206,-0.7300759,0.1683239,90.0,
-2.0621316,-0.7353913,0.16519609,100.0,
-2.0750744,-0.72776496,0.16641079,0.0,
-2.0647655,-0.72776496,0.16641079,9.0,
-2.0749323,-0.7210523,0.16918457,92.0,
-2.0895486,-0.71137154,0.16819772,101.0,
-2.0656126,-0.7281814,0.14122164,0.0,
-2.090069,-0.7281814,0.14122164,9.0,
-2.046645,-0.7557521,0.1670145,91.0,
-2.0335722,-0.7634228,0.17499179,99.0,
-2.0457609,-0.7552899,0.18598726,0.0,
-2.098238,-0.7552899,0.18598726,9.0,
-2.0980277,-0.75547194,0.19169073,90.0,
-2.1294365,-0.7359724,0.18681991,101.0,
-2.1170163,-0.74386644,0.19050564,0.0,
-2.1223798,-0.74386644,0.19050564,9.0,
-2.1111228,-0.7512437,0.2070148,91.0,
-2.1072068,-0.75376225,0.19948712,100.0,
-2.1220765,-0.7440958,0.19667594,0.0,
-2.08647,-0.7440958,0.19667594,8.0,
-2.0821354,-0.74676734,0.2020041,91.0,
-2.0887685,-0.7424674,0.20487106,100.0,
-2.0784464,-0.7493697,0.19324932,0.0,
-2.1085413,-0.7493697,0.19324932,9.0,
-2.1105297,-0.7480076,0.18611588,91.0,
-2.0944927,-0.7579932,0.20479894,100.0,
-2.1108785,-0.7481389,0.2009508,0.0,
-2.105952,-0.7481389,0.2009508,10.0,
-2.1157506,-0.7423499,0.19869716,90.0,
-2.116642,-0.74168986,0.19600071,100.0,
-2.1109848,-0.7448234,0.19187693,0.0,
-2.0496724,-0.7448234,0.19187693,9.0,
-2.034325,-0.75447696,0.18536335,91.0,
-2.0515335,-0.7438123,0.18795682,13.0,
-2.0586379,-0.7438123,0.18795682,97.0,
-2.068716,-0.73790354,0.19468465,58.0,
-2.063344,-0.7410485,0.18690458,0.0,
-2.0652156,-0.7399658,0.17960037,133.0,
-2.0818646,-0.72982174,0.16923384,0.0,
-2.146799,-0.72982174,0.16923384,9.0,
-2.1434722,-0.7323464,0.17690192,124.0,
-2.1525843,-0.72581786,0.16560127,0.0,
-2.0926237,-0.72581786,0.16560127,76.0,
-2.1002867,-0.7218708,0.1820973,57.0,
-2.0955215,-0.7244934,0.177387,0.0,
-2.1293533,-0.703438,0.17046121,134.0,
-2.1024292,-0.72093374,0.1886138,0.0,
-2.078529,-0.72093374,0.1886138,9.0,
-2.0650334,-0.728775,0.1886138,124.0,
-2.0879645,-0.71511143,0.18181418,0.0,
-2.1052666,-0.71511143,0.18181418,76.0,
-2.093708,-0.7233464,0.21780182,57.0,
-2.232542,-0.6277227,0.20170817,0.0,
-2.1037316,-0.7160377,0.1202038,67.0,
-2.0623014,-0.7160377,0.1202038,75.0,
-2.000435,-0.7529279,0.16106716,40.0,
-2.0518627,-0.72167265,0.15617868,0.0,
-2.103483,-0.6878768,0.15522884,101.0,
-2.322488,-0.6878768,0.15522884,59.0,
-2.1952286,-0.7575399,0.096963674,40.0,
-2.1066158,-0.80793303,-0.020467205,0.0,
-2.0278842,-0.86516315,-0.097690515,100.0,
-2.236964,-0.86516315,-0.097690515,60.0,
-2.1933627,-0.909457,-0.21381667,40.0,
-2.1040952,-0.9818881,-0.25448376,0.0,
-2.1083083,-0.99033517,-0.2990647,100.0,
-2.1330955,-0.99033517,-0.2990647,60.0,
-2.095312,-1.0080647,-0.26655796,40.0,
-2.1212227,-0.9861927,-0.24598525,0.0,
-2.1300497,-0.97847587,-0.23744324,101.0,
-2.2204027,-0.97847587,-0.23744324,59.0,
-2.2087846,-0.98478585,-0.22572151,40.0,
-2.2202988,-0.9771291,-0.23074213,0.0,
-2.2260423,-0.97203964,-0.22753032,100.0,
-2.194318,-0.97203964,-0.22753032,60.0,
-2.1359944,-1.0216672,-0.26786414,40.0,
-2.062349,-1.0833952,-0.31614685,0.0,
-2.022679,-1.1195441,-0.35078558,100.0,
-1.8337643,-1.1195441,-0.35078558,59.0,
-1.866338,-1.0337697,-0.20647281,41.0,
-2.0279357,-0.87860537,0.0064149364,0.0,
-2.2116377,-0.7565587,0.017667387,100.0,
-2.039438,-0.7565587,0.017667387,59.0,
-2.139503,-0.67136645,0.14720733,41.0,
-2.108799,-0.7009007,0.29533076,0.0,
-2.0590615,-0.72806287,0.2948531,100.0,
-1.9642298,-0.72806287,0.2948531,60.0,
-1.945682,-0.7380912,0.28965512,40.0,
-1.966227,-0.72795725,0.27436465,0.0,
-1.8761486,-0.7713187,0.3087775,100.0,
-1.9664189,-0.7713187,0.3087775,59.0,
-1.9205819,-0.7912264,0.3439712,41.0,
-1.970466,-0.7685002,0.32601437,0.0,
-2.0304306,-0.73802364,0.2822825,100.0,
-2.1014974,-0.73802364,0.2822825,59.0,
-2.042658,-0.77325845,0.3150994,40.0,
-1.944785,-0.82625604,0.3175735,0.0,
-1.9698629,-0.8144276,0.30454054,101.0,
-1.994863,-0.8144276,0.30454054,60.0,
-2.0086777,-0.805186,0.31797767,39.0,
-2.042398,-0.7854687,0.31906366,0.0,
-1.9807607,-0.81937784,0.3326308,100.0,
-1.8971657,-0.81937784,0.3326308,60.0,
-1.905314,-0.8165958,0.3228844,40.0,
-1.9515457,-0.79546934,0.3028094,0.0,
-1.9585431,-0.7944719,0.2747405,100.0,
-2.0158322,-0.7944719,0.2747405,59.0,
-2.0171218,-0.79320663,0.279318,41.0,
-1.997778,-0.80473703,0.28107587,0.0,
-1.998838,-0.8036949,0.28463998,101.0,
-1.9649438,-0.8036949,0.28463998,58.0,
-1.9993699,-0.78523266,0.27765262,41.0,
-1.995006,-0.7868554,0.28851297,0.0,
-2.0085552,-0.77858055,0.30031815,101.0,
-1.9360135,-0.77858055,0.30031815,57.0,
-1.8363287,-0.8311317,0.3087515,40.0,
-1.9009999,-0.795399,0.31858423,0.0,
-1.9217994,-0.7866225,0.29997402,100.0,
-2.0153656,-0.7866225,0.29997402,60.0,
-1.9851643,-0.8022103,0.3103837,40.0,
-1.9993814,-0.7958247,0.293097,0.0,
-2.0316694,-0.77749145,0.30188224,101.0,
-1.971361,-0.77749145,0.30188224,59.0,
-1.9451337,-0.7933285,0.2872504,39.0,
-1.9258726,-0.8020511,0.30108255,0.0,
-1.9226965,-0.8058596,0.28461668,100.0,
-1.9929665,-0.8058596,0.28461668,60.0,
-2.0242383,-0.78945833,0.2811286,40.0,
-2.006881,-0.79918134,0.27372602,0.0,
-2.0147762,-0.796436,0.24904057,100.0,
-2.0270166,-0.796436,0.24904057,59.0,
-1.9865779,-0.81883246,0.2491613,40.0,
-2.030686,-0.7948182,0.24142936,0.0,
-1.9364123,-0.8463349,0.24238484,106.0,
-1.8493707,-0.8463349,0.24238484,54.0,
-1.8265096,-0.85779244,0.24201912,41.0,
-1.8841063,-0.83075553,0.22990319,0.0,
-1.8317693,-0.85299385,0.25322336,100.0,
-1.8448639,-0.85299385,0.25322336,60.0,
-1.901342,-0.82545847,0.2560723,41.0,
-1.809617,-0.8653264,0.27506763,0.0,
-1.9458325,-0.8016825,0.2753556,100.0,
-1.9300705,-0.8016825,0.2753556,60.0,
-1.9203494,-0.80472153,0.29266894,40.0,
-1.9387237,-0.7984793,0.26334283,0.0,
-1.9728047,-0.7802759,0.25879505,100.0,
-1.9792778,-0.7802759,0.25879505,59.0,
-1.9763639,-0.7862953,0.21250753,41.0,
-1.9628298,-0.79220694,0.22930302,0.0,
-1.9420719,-0.8032966,0.23329294,100.0,
-1.9262017,-0.8032966,0.23329294,59.0,
-1.9300802,-0.8004123,0.23852088,41.0,
-1.9296769,-0.7982567,0.2567632,0.0,
-1.9493762,-0.7884306,0.2487581,102.0,
-1.8981072,-0.7884306,0.2487581,58.0,
-1.9216342,-0.7764011,0.24037488,40.0,
-1.9214123,-0.7775327,0.23334517,0.0,
-1.9378158,-0.76727754,0.23872505,100.0,
-2.0355742,-0.76727754,0.23872505,59.0,
-2.0486214,-0.7596611,0.23644838,42.0,
-2.0540779,-0.7559922,0.252634,0.0,
-2.0764768,-0.74270815,0.24554932,99.0,
-2.0621321,-0.74270815,0.24554932,60.0,
-2.0757425,-0.73489237,0.24298395,40.0,
-2.059106,-0.744368,0.2391424,0.0,
-2.0590477,-0.7443802,0.22904497,100.0,
-1.9847857,-0.7443802,0.22904497,60.0,
-2.0146914,-0.7275674,0.22491556,41.0,
-2.0323935,-0.7176085,0.20499782,0.0,
-2.025028,-0.7222589,0.199816,99.0,
-2.0472775,-0.7222589,0.199816,59.0,
-2.046856,-0.7225741,0.20292288,40.0,
-2.0722167,-0.7086365,0.2031071,0.0,
-2.0595841,-0.7159068,0.20951062,100.0,
-2.0705085,-0.7159068,0.20951062,60.0,
-2.0744894,-0.7137597,0.2149217,40.0,
-2.0689373,-0.7167472,0.20657597,0.0,
-2.0606735,-0.72155714,0.20613849,100.0,
-2.0242093,-0.72155714,0.20613849,59.0,
-2.017232,-0.7255081,0.21105507,40.0,
-2.012977,-0.72780377,0.216813,0.0,
-2.0026932,-0.7333577,0.22542313,101.0,
-2.1188936,-0.7333577,0.22542313,60.0,
-2.1236293,-0.7303888,0.22224401,40.0,
-2.149632,-0.7137845,0.21008636,0.0,
-2.1073523,-0.7385989,0.19611327,100.0,
-2.1201572,-0.7385989,0.19611327,60.0,
-2.103775,-0.7489317,0.20486878,40.0,
-2.0819073,-0.7620142,0.20963351,0.0,
-2.0721202,-0.7676913,0.23032498,100.0,
-1.979907,-0.7676913,0.23032498,59.0,
-1.9768206,-0.76829934,0.24704269,41.0,
-1.9524758,-0.7902738,0.16129218,0.0,
-2.0196657,-0.74852544,0.1718924,101.0,
-1.9495829,-0.74852544,0.1718924,58.0,
-1.9958769,-0.7249554,0.13881724,40.0,
-1.9976296,-0.7239926,0.13771725,0.0,
-1.9917057,-0.7264793,0.16127914,100.0,
-2.0413465,-0.7264793,0.16127914,60.0,
-2.0471437,-0.72315234,0.15976499,40.0,
-2.0502994,-0.7215139,0.17351165,0.0,
-2.0571485,-0.7176197,0.17303374,100.0,
-2.0381348,-0.7176197,0.17303374,61.0,
-2.0304675,-0.7221531,0.17747612,40.0,
-2.0340805,-0.7200966,0.17251717,0.0,
-2.028364,-0.7232913,0.18227936,100.0,
-2.0715795,-0.7232913,0.18227936,59.0,
-2.079158,-0.7188969,0.18315344,40.0,
-2.0761642,-0.7205933,0.18137445,0.0,
-2.0722764,-0.72265136,0.17222793,100.0,
-2.0047605,-0.72265136,0.17222793,60.0,
-2.0145392,-0.7168445,0.17507409,40.0,
-1.9961396,-0.72713107,0.18469304,0.0,
-2.0074341,-0.7205923,0.18890369,100.0,
-2.0981462,-0.7205923,0.18890369,60.0,
-2.0902026,-0.7252867,0.18211241,40.0,
-2.0791066,-0.73197377,0.16832562,0.0,
-2.0745337,-0.7347894,0.16988826,101.0,
-2.0725782,-0.7347894,0.16988826,59.0,
-2.0730402,-0.73461586,0.17768922,40.0,
-2.0749874,-0.73343986,0.17556804,0.0,
-2.071355,-0.7356576,0.18149228,101.0,
-2.0080638,-0.7356576,0.18149228,60.0,
-2.005041,-0.73722076,0.18569477,39.0,
-2.001426,-0.73937213,0.18279018,0.0,
-2.069865,-0.69901216,0.17231162,100.0,
-2.1072493,-0.69901216,0.17231162,60.0,
-2.0978997,-0.70488423,0.16598618,41.0,
-2.0749683,-0.71956664,0.17759602,0.0,
-2.0584848,-0.7296223,0.1796957,100.0,
-2.0660896,-0.7296223,0.1796957,59.0,
-2.0720122,-0.7260102,0.17393924,40.0,
-2.0689578,-0.72789526,0.16799203,0.0,
-2.0679185,-0.7285248,0.17047895,101.0,
-2.0450656,-0.7285248,0.17047895,59.0,
-2.0688994,-0.7144662,0.1699601,40.0,
-2.0638545,-0.7174377,0.1669398,0.0,
-2.0516038,-0.7247091,0.16978249,100.0,
-2.037099,-0.7247091,0.16978249,62.0,
-2.0438588,-0.7207297,0.16788736,39.0,
-2.0358865,-0.72539955,0.17140338,0.0,
-2.0338457,-0.72656417,0.1734678,99.0,
-2.0521557,-0.72656417,0.1734678,60.0,
-2.058297,-0.72274584,0.17784806,40.0,
-2.0540292,-0.72527605,0.18643865,0.0,
-2.0493152,-0.7281665,0.18153022,101.0,
-2.086775,-0.7281665,0.18153022,59.0,
-2.0878675,-0.72713435,0.17237476,40.0,
-2.0911062,-0.72518104,0.17045714,0.0,
-2.0772235,-0.73318756,0.17146374,100.0,
-2.0880346,-0.73318756,0.17146374,61.0,
-2.0812783,-0.73723936,0.17587176,38.0,
-2.1024942,-0.72492397,0.177438,0.0,
-2.0958457,-0.7288673,0.17823549,151.0,
-2.0921862,-0.73086727,0.1746901,0.0,
-2.1153772,-0.73086727,0.1746901,9.0,
-2.1184535,-0.7289088,0.1736086,90.0,
-2.1198516,-0.72811407,0.17560063,100.0,
-2.1167197,-0.73027897,0.18097875,0.0,
-2.040034,-0.73027897,0.18097875,11.0,
-2.038929,-0.7309375,0.17933984,90.0,
-2.052584,-0.7229428,0.17339478,101.0,
-2.0331762,-0.734173,0.18586433,0.0,
-2.065414,-0.734173,0.18586433,9.0,
-2.0668938,-0.73330945,0.18716997,90.0,
-2.0746605,-0.7286095,0.1791398,100.0,
-2.0690234,-0.732038,0.18556622,0.0,
-2.1022005,-0.732038,0.18556622,9.0,
-2.1056752,-0.73003423,0.18834056,91.0,
-2.1106958,-0.7269572,0.18765773,100.0,
-2.0994706,-0.7334015,0.1749915,0.0,
-2.040701,-0.7334015,0.1749915,10.0,
-2.0378704,-0.73500544,0.17660594,89.0,
-2.0304255,-0.7391422,0.18316127,100.0,
-2.041162,-0.7332061,0.16633753,0.0,
-2.043074,-0.7332061,0.16633753,9.0,
-2.037445,-0.73626584,0.17757523,91.0,
-2.0530398,-0.7267421,0.17597908,100.0,
-2.043583,-0.7323288,0.18507041,0.0,
-2.0708761,-0.7323288,0.18507041,9.0,
-2.0678458,-0.7341413,0.19049127,91.0,
-2.0672822,-0.7344885,0.1909185,100.0,
-2.062601,-0.7375683,0.1861429,0.0,
-2.0799773,-0.7375683,0.1861429,10.0,
-2.0778883,-0.73870355,0.2009946,90.0,
-2.0864189,-0.7333643,0.20213343,100.0,
-2.0923793,-0.7295772,0.18938622,0.0,
-2.1341374,-0.7295772,0.18938622,10.0,
-2.1413794,-0.72487444,0.18770878,90.0,
-2.1392412,-0.7260886,0.18471621,102.0,
-2.1348248,-0.7291411,0.18937513,0.0,
-2.0591712,-0.7291411,0.18937513,6.0,
-2.0622525,-0.7273826,0.19472307,91.0,
-2.0467875,-0.7363823,0.18564224,101.0,
-2.0478902,-0.7357434,0.18528394,0.0,
-2.111081,-0.7357434,0.18528394,11.0,
-2.1037796,-0.7405134,0.1955292,88.0,
-2.104494,-0.74005955,0.19548202,100.0,
-2.1043537,-0.7401801,0.19891988,0.0,
-2.07555,-0.7401801,0.19891988,8.0,
-2.0796096,-0.73770046,0.19342978,91.0,
-2.0808804,-0.7368927,0.19391625,100.0,
-2.0950081,-0.72792107,0.20016725,0.0,
-2.064937,-0.72792107,0.20016725,8.0,
-2.0640056,-0.7284863,0.1985905,91.0,
-2.050752,-0.7364726,0.19678907,101.0,
-2.0515425,-0.7360037,0.1965415,0.0,
-2.0673845,-0.7360037,0.1965415,10.0,
-2.0657222,-0.7370205,0.19769382,90.0,
-2.0685115,-0.7354128,0.19063154,100.0,
-2.0717638,-0.7335957,0.17952509,0.0,
-2.0438151,-0.7335957,0.17952509,9.0,
-2.0403998,-0.73517716,0.19424431,91.0,
-2.0265281,-0.7434183,0.19769827,99.0,
-2.0383615,-0.73639625,0.19490294,0.0,
-2.066133,-0.73639625,0.19490294,9.0,
-2.0746057,-0.731261,0.19042888,91.0,
-2.0836723,-0.72562444,0.18363725,100.0,
-2.0764053,-0.7301506,0.18352193,0.0,
-2.0980976,-0.7301506,0.18352193,9.0,
-2.1050706,-0.72569513,0.18299717,91.0,
-2.0931087,-0.73330754,0.1837517,100.0,
-2.0986187,-0.72986525,0.1872339,0.0,
-2.1047926,-0.72986525,0.1872339,9.0,
-2.091086,-0.73768234,0.18356873,90.0,
-2.091585,-0.737114,0.17507286,101.0,
-2.104587,-0.72954196,0.17787465,0.0,
-2.0637505,-0.72954196,0.17787465,8.0,
-2.0565147,-0.7337155,0.17690238,91.0,
-2.0580156,-0.73291,0.1831179,101.0,
-2.0836372,-0.7176552,0.17122096,0.0,
-2.1084697,-0.7176552,0.17122096,8.0,
-2.1165507,-0.71209615,0.15970859,92.0,
-2.1111236,-0.71639156,0.1772179,99.0,
-2.0927615,-0.7264684,0.15311159,0.0,
-2.0707088,-0.7264684,0.15311159,9.0,
-2.0882926,-0.71508384,0.16438305,90.0,
-2.05714,-0.7344452,0.18495716,101.0,
-2.0713754,-0.7258182,0.17389031,0.0,
-2.0560389,-0.7258182,0.17389031,9.0,
-2.0667455,-0.7189762,0.17859481,90.0,
-2.064589,-0.72049767,0.16849564,100.0,
-2.0734708,-0.7147564,0.16947925,0.0,
-2.0985157,-0.7147564,0.16947925,9.0,
-2.100545,-0.71354574,0.16906117,91.0,
-2.0880334,-0.7213198,0.17916109,101.0,
-2.0487971,-0.74322134,0.18996641,0.0,
-2.069573,-0.74322134,0.18996641,8.0,
-2.0710888,-0.742219,0.19711956,91.0,
-2.088328,-0.73158216,0.17780954,100.0,
-2.0970852,-0.72598743,0.18390062,0.0,
-2.1023335,-0.72598743,0.18390062,9.0,
-2.1289756,-0.71142244,0.20913738,91.0,
-2.1267245,-0.7141475,0.22569287,100.0,
-2.1005216,-0.7271002,0.18441409,0.0,
-2.099257,-0.7271002,0.18441409,9.0,
-2.0915227,-0.73174286,0.17196329,91.0,
-2.0916803,-0.73178005,0.1839127,101.0,
-2.07984,-0.7390108,0.18123944,0.0,
-2.088315,-0.7390108,0.18123944,9.0,
-2.1081448,-0.72679824,0.17926955,90.0,
-2.102052,-0.7304934,0.17582983,101.0,
-2.115488,-0.72237784,0.18365903,0.0,
-1.9966882,-0.72237784,0.18365903,8.0,
-2.0007813,-0.71972466,0.18782637,91.0,
-1.9986207,-0.721277,0.18263856,100.0,
-1.9940964,-0.72427523,0.17766336,0.0,
-2.0900502,-0.72427523,0.17766336,9.0,
-2.0893867,-0.7247177,0.18014275,90.0,
-2.0900114,-0.7242732,0.1744287,101.0,
-2.0898373,-0.7245994,0.19167663,0.0,
-2.0933867,-0.7245994,0.19167663,9.0,
-2.090423,-0.7265277,0.19782656,91.0,
-2.0778904,-0.73438156,0.20715815,100.0,
-2.0974844,-0.72219735,0.20762286,0.0,
-2.0180252,-0.72219735,0.20762286,9.0,
-2.004336,-0.73017186,0.2088164,91.0,
-2.0074213,-0.7286404,0.20250337,101.0,
-2.0110168,-0.7264025,0.2054705,0.0,
-2.0811923,-0.7264025,0.2054705,9.0,
-2.0825143,-0.7253188,0.19617064,89.0,
-2.0899248,-0.7209979,0.1971739,101.0,
-2.1125724,-0.7067483,0.18554401,0.0,
-2.1081617,-0.7067483,0.18554401,9.0,
-2.1017478,-0.7105857,0.183351,90.0,
-2.090825,-0.7176022,0.19317059,101.0,
-2.0964353,-0.71402025,0.18791544,0.0,
-2.1406565,-0.71402025,0.18791544,9.0,
-2.138291,-0.71570945,0.19020776,91.0,
-2.134339,-0.7179098,0.17554632,100.0,
-2.1305723,-0.72067,0.18328844,0.0,
-2.062919,-0.72067,0.18328844,8.0,
-2.066217,-0.71863234,0.17670643,91.0,
-2.069019,-0.71698123,0.18129551,100.0,
-2.0738618,-0.7140085,0.17914006,0.0,
-2.103618,-0.7140085,0.17914006,9.0,
-2.096684,-0.71832037,0.17579031,92.0,
-2.104719,-0.7133799,0.18140137,100.0,
-2.0757518,-0.7313962,0.18177913,0.0,
-2.0696247,-0.7313962,0.18177913,8.0,
-2.0577018,-0.7385466,0.18644626,91.0,
-2.0720074,-0.729947,0.18313444,100.0,
-2.0880716,-0.72001743,0.18028381,0.0,
-2.0915287,-0.72001743,0.18028381,9.0,
-2.0965507,-0.7171076,0.18420611,91.0,
-2.1092048,-0.7089966,0.17667754,100.0,
-2.0941813,-0.71816915,0.17277323,0.0,
-2.1590142,-0.71816915,0.17277323,9.0,
-2.154203,-0.72172546,0.17895314,91.0,
-2.1546707,-0.72134674,0.17787507,100.0,
-2.1536934,-0.72204244,0.178853,0.0,
-2.0607884,-0.72204244,0.178853,9.0,
-2.0607843,-0.7219972,0.18257852,90.0,
-2.0746973,-0.71325564,0.17432714,100.0,
-2.077655,-0.7113608,0.16968046,0.0,
-2.116555,-0.7113608,0.16968046,9.0,
-2.117283,-0.7109193,0.17027757,90.0,
-2.108026,-0.71706915,0.17741945,101.0,
-2.1124568,-0.71445113,0.181169,0.0,
-2.079117,-0.71445113,0.181169,9.0,
-2.0794065,-0.7142976,0.18468994,90.0,
-2.0804157,-0.7136397,0.18231073,100.0,
-2.0788794,-0.7145997,0.18091278,0.0,
-2.1193225,-0.7145997,0.18091278,9.0,
-2.1175542,-0.7159497,0.1865192,91.0,
-2.1131408,-0.71864563,0.18261658,100.0,
-2.1245956,-0.7111981,0.18168497,0.0,
-2.0278597,-0.7111981,0.18168497,9.0,
-2.024457,-0.7132843,0.17867275,90.0,
-2.0203032,-0.71573615,0.17948098,102.0,
-2.0093555,-0.72225773,0.17760693,0.0,
-2.0602064,-0.72225773,0.17760693,8.0,
-2.0721889,-0.7147267,0.18062836,91.0,
-2.0623517,-0.7208459,0.18701734,100.0,
-2.0722318,-0.71469975,0.18069923,0.0,
-2.1105356,-0.71469975,0.18069923,9.0,
-2.1115863,-0.7141337,0.18354265,92.0,
-2.1093235,-0.71554977,0.18297641,100.0,
-2.109089,-0.7155904,0.17977622,0.0,
-2.1218076,-0.7155904,0.17977622,8.0,
-2.1146646,-0.71983254,0.17821099,91.0,
-2.1145494,-0.7203263,0.18551636,101.0,
-2.1199658,-0.7170492,0.18507493,0.0,
-2.0786858,-0.7170492,0.18507493,14.0,
-2.0789773,-0.71688867,0.18944293,85.0,
-2.07287,-0.7207313,0.19578399,101.0,
-2.0818152,-0.71526754,0.2016671,0.0,
-2.1308305,-0.71526754,0.2016671,9.0,
-2.1250203,-0.7177212,0.19102623,90.0,
-2.126436,-0.7170216,0.19258738,101.0,
-2.124024,-0.7180631,0.18799646,0.0,
-2.087609,-0.7180631,0.18799646,9.0,
-2.0929525,-0.7146191,0.18523705,91.0,
-2.0975106,-0.711839,0.1926336,101.0,
-2.0928237,-0.7146174,0.17789836,0.0,
-2.1001277,-0.7146174,0.17789836,9.0,
-2.102989,-0.7130173,0.1828536,140.0,
-2.0938509,-0.7183773,0.17251821,0.0,
-2.1099148,-0.7183773,0.17251821,59.0,
-2.120779,-0.71141726,0.17751017,40.0,
-2.1159487,-0.71485454,0.18578729,0.0,
-2.1484163,-0.69434583,0.19768603,101.0,
-2.1011846,-0.69434583,0.19768603,59.0,
-2.068759,-0.7162325,0.1948372,40.0,
-2.0613687,-0.7214854,0.18389285,0.0,
-2.035276,-0.7378245,0.1967828,100.0,
-2.0371149,-0.7378245,0.1967828,61.0,
-2.052541,-0.7273409,0.20439847,39.0,
-2.0590246,-0.7234567,0.1953143,0.0,
-2.0585845,-0.7237346,0.19567962,100.0,
-2.052348,-0.7237346,0.19567962,60.0,
-2.0536354,-0.7230347,0.19126844,41.0,
-2.0635402,-0.7167294,0.19047819,0.0,
-2.0643175,-0.7162229,0.1909033,100.0,
-2.1023939,-0.7162229,0.1909033,60.0,
-2.0961719,-0.7203417,0.19903432,40.0,
-2.0933821,-0.7219687,0.19512182,0.0,
-2.0897026,-0.7242276,0.1943082,100.0,
-2.06087,-0.7242276,0.1943082,60.0,
-2.0773635,-0.71416074,0.18844853,40.0,
-2.085961,-0.70877194,0.18579648,0.0,
-2.069559,-0.71895844,0.18993755,100.0,
-2.0196016,-0.71895844,0.18993755,59.0,
-2.0163507,-0.7207263,0.1955354,41.0,
-2.0232785,-0.71684784,0.18952318,0.0,
-2.0336046,-0.71103716,0.16952264,99.0,
-2.1258862,-0.71103716,0.16952264,59.0,
-2.1235282,-0.71315044,0.18141271,41.0,
-2.1164157,-0.71776366,0.18450966,0.0,
-2.1154428,-0.71806437,0.17780994,99.0,
-2.0854342,-0.71806437,0.17780994,61.0,
-2.0965662,-0.7113121,0.18580738,39.0,
-2.0897143,-0.71550775,0.18321806,0.0,
-2.0843227,-0.7188728,0.18467575,100.0,
-2.0776014,-0.7188728,0.18467575,59.0,
-2.0827436,-0.715695,0.18203102,40.0,
-2.0812247,-0.7166183,0.18192755,0.0,
-2.0778291,-0.71876425,0.18603696,100.0,
-2.0902605,-0.71876425,0.18603696,60.0,
-2.098348,-0.7138444,0.19002643,40.0,
-2.0940704,-0.7164263,0.18725553,0.0,
-2.097003,-0.7147017,0.19067204,100.0,
-2.0827289,-0.7147017,0.19067204,60.0,
-2.0768158,-0.71837384,0.19110161,39.0,
-2.079512,-0.71669096,0.18991649,0.0,
-2.072754,-0.7208772,0.19133678,101.0,
-2.0720599,-0.7208772,0.19133678,59.0,
-2.0792835,-0.71616256,0.19181307,41.0,
-2.0804377,-0.7157538,0.16953957,0.0,
-2.0816267,-0.7148843,0.17254442,100.0,
-2.084734,-0.7127612,0.17368065,53.0,
-2.0633962,-0.7127612,0.17368065,7.0,
-2.0704412,-0.7084065,0.17574535,140.0,
-2.0681887,-0.70980626,0.17595491,0.0,
-2.12314,-0.70980626,0.17595491,60.0,
-2.1188867,-0.7127416,0.17993261,41.0,
-2.1164944,-0.71461403,0.18873243,0.0,
-2.121367,-0.7117788,0.19528,99.0,
-2.1079412,-0.7117788,0.19528,60.0,
-2.094181,-0.7202378,0.20369239,40.0,
-2.0866113,-0.72393364,0.19231112,0.0,
-2.1046891,-0.71459395,0.20843443,100.0,
-2.0648746,-0.71459395,0.20843443,60.0,
-2.0660908,-0.7138577,0.2050158,40.0,
-2.062013,-0.71669453,0.19484937,0.0,
-2.040424,-0.7303442,0.20006533,102.0,
-2.1140213,-0.7303442,0.20006533,58.0,
-2.1169956,-0.72832286,0.19536029,39.0,
-2.119526,-0.7268719,0.20344748,1.0,
-2.1174967,-0.7281808,0.20343134,99.0,
-2.1402636,-0.7281808,0.20343134,59.0,
-2.1324108,-0.7334231,0.20696534,41.0,
-2.1168342,-0.7435161,0.21402393,0.0,
-2.134844,-0.7319126,0.20854168,100.0,
-2.085285,-0.7319126,0.20854168,60.0,
-2.0831497,-0.73324484,0.21139716,40.0,
-2.0682228,-0.7420521,0.20835122,0.0,
-2.0889482,-0.7295441,0.200405,99.0,
-2.0670562,-0.7295441,0.200405,60.0,
-2.0699852,-0.7277587,0.19746387,40.0,
-2.0704212,-0.7274925,0.1960038,0.0,
-2.0736048,-0.7255298,0.19632813,101.0,
-2.08033,-0.7255298,0.19632813,59.0,
-2.065361,-0.7341769,0.20076397,40.0,
-2.0635872,-0.7352575,0.20439875,0.0,
-2.0558116,-0.73949856,0.20010504,101.0,
-2.0495095,-0.73949856,0.20010504,59.0,
-2.0410383,-0.74440587,0.20533215,40.0,
-2.0368302,-0.7469566,0.20242266,0.0,
-2.0472176,-0.74090236,0.19855724,101.0,
-2.1583052,-0.74090236,0.19855724,59.0,
-2.1610765,-0.73887634,0.1944809,40.0,
-2.1413338,-0.7517501,0.19406125,0.0,
-2.1527143,-0.7446284,0.20028958,100.0,
-2.120005,-0.7446284,0.20028958,63.0,
-2.1263406,-0.74065137,0.20020173,37.0,
-2.1115146,-0.74987644,0.19905198,0.0,
-2.1039872,-0.75453025,0.20105727,101.0,
-2.0731878,-0.75453025,0.20105727,59.0,
-2.0787022,-0.7508002,0.20628536,41.0,
-2.0706537,-0.75605434,0.20351912,0.0,
-2.05398,-0.76670724,0.20144638,100.0,
-2.0848048,-0.76670724,0.20144638,59.0,
-2.0898929,-0.76373816,0.19082025,41.0,
-2.108018,-0.75243616,0.18953548,0.0,
-2.0522068,-0.7863317,0.19235316,100.0,
-2.0648897,-0.7863317,0.19235316,59.0,
-2.0724602,-0.7814429,0.19508281,41.0,
-2.111327,-0.7563389,0.202048,0.0,
-2.071289,-0.78108454,0.21914159,99.0,
-2.0049841,-0.78108454,0.21914159,60.0,
-2.0129912,-0.77654004,0.21924807,40.0,
-2.0282612,-0.7681412,0.21198696,0.0,
-2.0426767,-0.7601788,0.1995909,100.0,
-2.0016115,-0.7601788,0.1995909,60.0,
-1.9927509,-0.76504767,0.20267813,40.0,
-2.0061345,-0.7573702,0.20284012,0.0,
-1.9853591,-0.76886815,0.20760441,100.0,
-2.02951,-0.76886815,0.20760441,60.0,
-2.045414,-0.7596505,0.20072459,40.0,
-2.049817,-0.75679487,0.20435104,0.0,
-2.023316,-0.7723441,0.21065922,100.0,
-1.9849901,-0.7723441,0.21065922,60.0,
-2.0156803,-0.75519234,0.19794726,40.0,
-2.0137873,-0.7558919,0.20451571,0.0,
-2.0085526,-0.7589738,0.20518379,101.0,
-2.0752742,-0.7589738,0.20518379,59.0,
-2.0735164,-0.7599629,0.2090423,40.0,
-2.0643523,-0.76545167,0.21202208,0.0,
-2.0712628,-0.7613942,0.20700042,100.0,
-2.0207174,-0.7613942,0.20700042,59.0,
-2.0440526,-0.74766153,0.20168486,41.0,
-2.038891,-0.75068116,0.20445457,0.0,
-2.0391047,-0.7504071,0.20801261,101.0,
-2.0706525,-0.7504071,0.20801261,60.0,
-2.0563436,-0.7588047,0.21511123,40.0,
-2.0508828,-0.7619311,0.21780954,0.0,
-2.063071,-0.7548824,0.212487,102.0,
-2.0344672,-0.7548824,0.212487,58.0,
-2.035813,-0.75440425,0.20565823,41.0,
-2.0336053,-0.7559885,0.20116684,0.0,
-2.0458748,-0.7480796,0.20995298,100.0,
-2.0760071,-0.7480796,0.20995298,58.0,
-2.0698845,-0.7518907,0.21041864,41.0,
-2.078852,-0.7462693,0.21126734,0.0,
-2.0759685,-0.7482134,0.20511308,100.0,
-2.046748,-0.7482134,0.20511308,59.0,
-2.0427773,-0.75050116,0.20742822,41.0,
-2.0409787,-0.75156826,0.20720147,0.0,
-2.051373,-0.7453039,0.21253619,100.0,
-2.0748367,-0.7453039,0.21253619,59.0,
-2.0573242,-0.7556186,0.20848276,40.0,
-2.0624328,-0.7526295,0.20848481,0.0,
-2.0614862,-0.75318974,0.20804277,100.0,
-2.1082845,-0.75318974,0.20804277,59.0,
-2.1096385,-0.7521505,0.19870238,40.0,
-2.0987709,-0.7586831,0.19698083,0.0,
-2.1109068,-0.7513864,0.19899803,100.0,
-2.1166284,-0.7513864,0.19899803,59.0,
-2.117251,-0.75095403,0.20119,48.0,
-2.1029701,-0.76029295,0.2029782,0.0,
-2.0888999,-0.76900846,0.21387912,93.0,
-2.0167904,-0.76900846,0.21387912,59.0,
-2.0426576,-0.75405306,0.20491555,40.0,
-2.0501385,-0.7495062,0.20399714,0.0,
-2.0565028,-0.74563366,0.20211613,100.0,
-2.147837,-0.74563366,0.20211613,59.0,
-2.1447318,-0.7475952,0.20241806,41.0,
-2.1207259,-0.762539,0.209209,0.0,
-2.1313906,-0.75616837,0.21049163,100.0,
-2.129022,-0.7574352,0.20609967,52.0,
-2.0770621,-0.7574352,0.20609967,7.0,
-2.0886247,-0.7504072,0.19684209,141.0,
-2.0886648,-0.7503519,0.19967526,0.0,
-2.0512395,-0.7503519,0.19967526,59.0,
-2.0522654,-0.7496116,0.20160252,91.0,
-2.0399332,-0.757218,0.2035183,0.0,
-2.0353346,-0.76028764,0.19986466,100.0,
-2.0455818,-0.7541,0.19629578,0.0,
-2.0675426,-0.7541,0.19629578,9.0,
-2.0637462,-0.75671804,0.18700273,91.0,
-2.0413334,-0.7695154,0.20538191,100.0,
-2.0552604,-0.76141536,0.20107451,0.0,
-1.9756986,-0.76141536,0.20107451,9.0,
-1.99145,-0.75295234,0.20347168,91.0,
-1.9926766,-0.7523693,0.20157494,101.0,
-1.9835798,-0.7568594,0.20982304,0.0,
-2.0965116,-0.7568594,0.20982304,9.0,
-2.09734,-0.7559415,0.19862133,91.0,
-2.0894325,-0.7603854,0.19949576,99.0,
-2.088255,-0.7611499,0.20308284,0.0,
-2.011815,-0.7611499,0.20308284,9.0,
-2.0219593,-0.75498724,0.20732072,91.0,
-2.0434768,-0.7427781,0.19117717,101.0,
-2.0376613,-0.74613494,0.19602822,0.0,
-2.0472946,-0.74613494,0.19602822,9.0,
-2.0435338,-0.74818146,0.20276116,90.0,
-2.046565,-0.74623567,0.2072883,101.0,
-2.045387,-0.74679685,0.21269858,0.0,
-2.0218785,-0.74679685,0.21269858,9.0,
-2.009414,-0.7536921,0.21546265,91.0,
-2.0154955,-0.7503739,0.21331628,100.0,
-2.016409,-0.7498846,0.21261376,0.0,
-2.026502,-0.7498846,0.21261376,9.0,
-2.0119977,-0.75779045,0.21424413,91.0,
-2.0394895,-0.74268055,0.20883667,100.0,
-2.0116403,-0.758125,0.20982155,0.0,
-2.0072474,-0.758125,0.20982155,9.0,
-1.9905256,-0.7672631,0.21184404,90.0,
-2.0370553,-0.74149996,0.19682439,101.0,
-2.0192988,-0.75156546,0.20394544,0.0,
-2.0642881,-0.75156546,0.20394544,9.0,
-2.0637324,-0.7519411,0.20290202,94.0,
-2.0799346,-0.74178725,0.20386137,98.0,
-2.092116,-0.7340652,0.19812334,0.0,
-2.0185852,-0.7340652,0.19812334,8.0,
-2.0188005,-0.73367107,0.21879114,91.0,
-2.020493,-0.7330274,0.19621621,101.0,
-2.011632,-0.7381382,0.19176483,0.0,
-2.1066022,-0.7381382,0.19176483,8.0,
-2.0993705,-0.74222445,0.18919243,91.0,
-2.1017077,-0.7410461,0.19334225,101.0,
-2.0994813,-0.7423436,0.19371353,0.0,
-2.0752506,-0.7423436,0.19371353,9.0,
-2.093137,-0.7316695,0.19434872,91.0,
-2.084018,-0.7372281,0.19911242,100.0,
-2.0764542,-0.74174637,0.20357922,0.0,
-2.0353458,-0.74174637,0.20357922,8.0,
-2.043286,-0.7368982,0.20812227,91.0,
-2.0502887,-0.732995,0.1937635,100.0,
-2.0474567,-0.73457307,0.2000567,0.0,
-2.0750046,-0.73457307,0.2000567,9.0,
-2.0838168,-0.7296211,0.19898042,91.0,
-2.0825164,-0.7303064,0.1980282,100.0,
-2.0585983,-0.7434695,0.19601357,0.0,
-2.0456374,-0.7434695,0.19601357,9.0,
-2.0388806,-0.7474572,0.19893493,90.0,
-2.0543401,-0.7380548,0.1992461,100.0,
-2.081037,-0.72144926,0.20694037,0.0,
-2.0805829,-0.72144926,0.20694037,9.0,
-2.0606065,-0.73338825,0.20556346,91.0,
-2.0484004,-0.74045813,0.22024782,100.0,
-2.0469966,-0.74142337,0.20211463,0.0,
-2.02602,-0.74142337,0.20211463,9.0,
-2.0323966,-0.7378875,0.19671373,91.0,
-2.0308716,-0.7387143,0.19923298,100.0,
-2.0315828,-0.7381693,0.20733033,0.0,
-2.0189223,-0.7381693,0.20733033,9.0,
-2.0058093,-0.7458549,0.20536578,91.0,
-2.026119,-0.73372936,0.21572952,101.0,
-2.0329735,-0.72966206,0.2204412,0.0,
-2.0508552,-0.72966206,0.2204412,8.0,
-2.0700526,-0.71782815,0.21133463,91.0,
-2.0563707,-0.72651476,0.20752957,101.0,
-2.049081,-0.73105264,0.20806684,0.0,
-2.0529947,-0.73105264,0.20806684,9.0,
-2.0439093,-0.73652,0.209952,90.0,
-2.0465224,-0.73495215,0.2096007,101.0,
-2.038451,-0.7400173,0.2031515,0.0,
-2.061933,-0.7400173,0.2031515,9.0,
-2.0574675,-0.742744,0.19636956,91.0,
-2.038351,-0.7539332,0.19957465,100.0,
-2.0448682,-0.7500253,0.20440726,0.0,
-1.9866995,-0.7500253,0.20440726,10.0,
-1.9948324,-0.74558675,0.20549223,89.0,
-1.9964702,-0.7449264,0.19926201,100.0,
-2.0041401,-0.7406142,0.20210531,0.0,
-2.0733807,-0.7406142,0.20210531,9.0,
-2.092885,-0.72877955,0.20016032,91.0,
-2.1073349,-0.7196854,0.19614957,101.0,
-2.0857248,-0.73316705,0.20089105,0.0,
-2.053624,-0.73316705,0.20089105,9.0,
-2.0358396,-0.7435371,0.20992288,91.0,
-2.0512576,-0.7346925,0.19553201,101.0,
-2.0560815,-0.7318982,0.18768959,0.0,
-2.0029867,-0.7318982,0.18768959,8.0,
-1.9736803,-0.7473387,0.21315409,90.0,
-2.0876043,-0.6777833,0.14234866,100.0,
-2.1977534,-0.5806102,-0.005403199,0.0,
-2.3260205,-0.5806102,-0.005403199,9.0,
-2.1174338,-0.7696064,0.04965185,91.0,
-1.9245164,-0.8748207,0.1440452,102.0,
-1.8591397,-0.88458675,0.29273063,0.0,
-2.1818354,-0.88458675,0.29273063,8.0,
-2.1254292,-0.9137227,0.34597823,91.0,
-1.9649315,-1.006618,0.15695867,100.0,
-2.0783389,-1.0023935,-0.10486244,0.0,
-2.3564363,-1.0023935,-0.10486244,9.0,
-2.3299205,-1.0722858,-0.3038312,91.0,
-2.2972684,-1.106233,-0.32506713,101.0,
-2.288245,-1.0634815,-0.14295915,0.0,
-2.0739975,-1.0634815,-0.14295915,9.0,
-2.3920782,-0.7784814,-0.13256647,91.0,
-2.4802778,-0.7072559,0.22696616,100.0,
-2.3009892,-0.86901605,0.3252683,0.0,
-2.0327246,-0.86901605,0.3252683,9.0,
-2.0728633,-0.8544422,0.21536121,90.0,
-2.0267913,-0.8843725,0.18498777,100.0,
-1.7859712,-0.9808189,0.29623973,0.0,
-1.722642,-0.9808189,0.29623973,9.0,
-2.004432,-0.8308846,0.39193806,91.0,
-1.9387751,-0.8865602,0.22899748,101.0,
-1.8960421,-0.9093046,0.23557545,0.0,
-1.9508604,-0.9093046,0.23557545,9.0,
-1.9119312,-0.93192583,0.23685662,90.0,
-1.8527603,-0.928234,0.39164373,102.0,
-1.9422795,-0.87515706,0.50564575,0.0,
-2.0104601,-0.87515706,0.50564575,8.0,
-1.9967268,-0.87864834,0.549779,90.0,
-1.9645311,-0.90918654,0.41783726,101.0,
-2.0162902,-0.89056396,0.35351107,0.0,
-2.067998,-0.89056396,0.35351107,8.0,
-1.9816179,-0.9610849,0.19623716,90.0,
-2.0627558,-0.92105335,0.14890754,101.0,
-2.0578334,-0.9228131,0.15621376,0.0,
-1.9989787,-0.9228131,0.15621376,9.0,
-2.0637152,-0.879232,0.18495871,91.0,
-2.0568998,-0.89603984,0.106785424,101.0,
-2.0790935,-0.8827437,0.09735356,0.0,
-2.082556,-0.8827437,0.09735356,9.0,
-2.0872147,-0.8647938,0.1982845,91.0,
-2.1261394,-0.8401985,0.19149269,100.0,
-2.064495,-0.8771192,0.21268834,0.0,
-1.9803499,-0.8771192,0.21268834,9.0,
-1.9410776,-0.8933811,0.24281013,91.0,
-1.9822179,-0.86731243,0.28634393,100.0,
-2.060646,-0.82605356,0.3129395,0.0,
-1.9928627,-0.82605356,0.3129395,9.0,
-1.9679564,-0.83793664,0.32438096,91.0,
-1.9211427,-0.8610235,0.3261233,100.0,
-1.9244605,-0.8656147,0.28261736,0.0,
-2.0362043,-0.8656147,0.28261736,10.0,
-2.0473647,-0.8623946,0.24985175,90.0,
-2.036927,-0.87500745,0.19505066,100.0,
-2.0591698,-0.8660939,0.16054824,0.0,
-2.0710168,-0.8660939,0.16054824,9.0,
-2.0620098,-0.8734685,0.14151621,91.0,
-2.0753853,-0.8635571,0.15998173,99.0,
-2.0901558,-0.85357255,0.17441718,0.0,
-2.0812886,-0.85357255,0.17441718,9.0,
-2.0655541,-0.86312586,0.17326485,90.0,
-2.0678616,-0.8584324,0.21137327,100.0,
-2.024905,-0.8835556,0.1991147,0.0,
-2.1027224,-0.8835556,0.1991147,9.0,
-2.1420355,-0.86214095,0.17579508,91.0,
-2.1377702,-0.8657399,0.15098967,100.0,
-2.0851169,-0.89483744,0.17293315,0.0,
-2.0632992,-0.89483744,0.17293315,9.0,
-2.0897114,-0.8787347,0.18865013,91.0,
-2.1258693,-0.85747343,0.19908814,101.0,
-2.1208732,-0.86076874,0.18972452,0.0,
-2.1260297,-0.86076874,0.18972452,11.0,
-2.1139889,-0.8687576,0.1812906,89.0,
-2.0998948,-0.8789464,0.16383642,100.0,
-2.0815625,-0.8904535,0.16042973,0.0,
-2.1034713,-0.8904535,0.16042973,9.0,
-2.0874372,-0.8984311,0.17514193,91.0,
-2.109481,-0.8850355,0.18426637,101.0,
-2.0994997,-0.89177996,0.17192481,0.0,
-2.0273716,-0.89177996,0.17192481,9.0,
-2.0147727,-0.8976696,0.17904562,91.0,
-2.035427,-0.88507634,0.19667976,100.0,
-2.0622573,-0.87127936,0.19005743,0.0,
-2.0363135,-0.87127936,0.19005743,9.0,
-2.028213,-0.8827016,0.1491452,102.0,
-2.0162413,-0.89110065,0.144208,88.0,
-2.009285,-0.8856383,0.2013706,0.0,
-2.013972,-0.8856383,0.2013706,9.0,
-2.006103,-0.879654,0.2762953,92.0,
-2.023624,-0.86589295,0.32343444,100.0,
-2.0334783,-0.86329854,0.29155836,0.0,
-2.0083034,-0.86329854,0.29155836,9.0,
-1.9796451,-0.88325876,0.2649532,91.0,
-1.9838322,-0.8842966,0.24439625,100.0,
-2.0049486,-0.86886364,0.2642825,0.0,
-2.0352647,-0.86886364,0.2642825,9.0,
-1.996953,-0.8896275,0.2567085,91.0,
-2.0209734,-0.8773405,0.2542962,99.0,
-2.0269332,-0.873204,0.2649768,0.0,
-2.074548,-0.873204,0.2649768,10.0,
-2.059827,-0.8807394,0.27334353,92.0,
-2.0524433,-0.8842732,0.2791198,99.0,
-2.075082,-0.87210834,0.27522433,0.0,
-2.0119808,-0.87210834,0.27522433,8.0,
-1.996176,-0.8809017,0.27891487,91.0,
-1.9994719,-0.8818895,0.2615279,101.0,
-2.028084,-0.8647876,0.25895548,0.0,
-2.0936723,-0.8647876,0.25895548,8.0,
-2.0945232,-0.86604935,0.24033657,91.0,
-2.1033769,-0.8609506,0.2355143,100.0,
-2.129386,-0.84485245,0.22629566,0.0,
-2.098571,-0.84485245,0.22629566,9.0,
-1.9691463,-0.91208696,0.27806017,91.0,
-1.91456,-0.9344488,0.30593574,100.0,
-2.0182734,-0.8849823,0.29138646,0.0,
-1.9788798,-0.8849823,0.29138646,9.0,
-2.041689,-0.85516447,0.2451274,90.0,
-1.9429095,-0.9156776,0.23013167,101.0,
-1.8876631,-0.93863314,0.26199985,0.0,
-1.92043,-0.93863314,0.26199985,9.0,
-2.0407534,-0.8685268,0.29708424,91.0,
-2.0298624,-0.8685268,0.29708424,110.0,
-2.0847876,-0.83923274,0.27205446,40.0,
-2.0102928,-0.8832305,0.2625792,0.0,
-2.0135412,-0.8871507,0.22248554,0.0,
-2.0477376,-0.86575764,0.22947858,100.0,
-2.0999804,-0.86575764,0.22947858,60.0,
-2.0834963,-0.87392074,0.24960333,42.0,
-2.049226,-0.895644,0.24638933,0.0,
-2.0715413,-0.8818157,0.24675389,99.0,
-2.0645885,-0.8818157,0.24675389,59.0,
-2.0648396,-0.88095826,0.25242385,42.0,
-2.0455782,-0.8914195,0.2600578,0.0,
-2.0565104,-0.8849962,0.26004523,99.0,
-2.0662522,-0.8849962,0.26004523,60.0,
-2.0446355,-0.8964497,0.27134845,40.0,
-2.0588102,-0.88893384,0.2644816,0.0,
-2.0590773,-0.8883684,0.26751137,100.0,
-2.043524,-0.8883684,0.26751137,59.0,
-2.034985,-0.89230204,0.2750082,41.0,
-2.041559,-0.88813597,0.27866134,0.0,
-1.9815848,-0.91919893,0.2904234,101.0,
-1.9698039,-0.91919893,0.2904234,60.0,
-2.0132024,-0.9006603,0.26337147,41.0,
-2.1055489,-0.85380566,0.20164345,0.0,
-2.069368,-0.87910676,0.17826,99.0,
-2.0574496,-0.87910676,0.17826,59.0,
-2.0292056,-0.8919477,0.20747417,42.0,
-2.0371382,-0.8843736,0.22996019,0.0,
-2.0625274,-0.86936015,0.23272112,98.0,
-2.0725434,-0.86936015,0.23272112,59.0,
-2.0505893,-0.8849868,0.20172349,41.0,
-2.0297768,-0.8966473,0.20320612,0.0,
-2.0433664,-0.8870588,0.21960476,100.0,
-2.0865993,-0.8870588,0.21960476,60.0,
-2.1006217,-0.8775056,0.22902606,41.0,
-2.1114461,-0.8719778,0.21661681,0.0,
-2.0991838,-0.88098145,0.20456459,100.0,
-2.089634,-0.88098145,0.20456459,59.0,
-2.1020708,-0.871202,0.21849902,42.0,
-2.0843358,-0.8790857,0.24728209,0.0,
-2.050513,-0.89641184,0.2699045,99.0,
-2.0807223,-0.89641184,0.2699045,59.0,
-2.0366795,-0.9213479,0.25766486,40.0,
-2.0374134,-0.9209085,0.25810117,0.0,
-2.1002584,-0.886787,0.25250605,100.0,
-2.1098566,-0.886787,0.25250605,60.0,
-2.1150138,-0.884631,0.24160269,39.0,
-2.0926201,-0.898111,0.24204452,0.0,
-2.0799499,-0.9017589,0.2787707,100.0,
-2.1384432,-0.9017589,0.2787707,59.0,
-2.0913708,-0.92677706,0.29893443,41.0,
-2.080094,-0.93218875,0.30579814,0.0,
-2.0922587,-0.9268696,0.29253247,100.0,
-2.0577993,-0.9268696,0.29253247,59.0,
-2.0818932,-0.91516316,0.28230894,41.0,
-2.085816,-0.9136128,0.27549663,0.0,
-2.1104503,-0.90113163,0.26036465,100.0,
-2.0214467,-0.90113163,0.26036465,60.0,
-2.007324,-0.90913546,0.26263884,40.0,
-2.0045679,-0.90947753,0.26983485,0.0,
-2.0185971,-0.8995097,0.2804837,100.0,
-2.0967524,-0.8995097,0.2804837,59.0,
-2.084529,-0.9071525,0.27861458,42.0,
-2.0865252,-0.90776104,0.26468763,0.0,
-2.0805607,-0.91056544,0.27084053,99.0,
-2.0571558,-0.91056544,0.27084053,59.0,
-2.0643814,-0.9058396,0.276622,40.0,
-2.071917,-0.9018675,0.2739283,0.0,
-2.0683506,-0.90401024,0.27287656,101.0,
-2.069041,-0.90401024,0.27287656,59.0,
-2.0691102,-0.9045485,0.2679421,41.0,
-2.0822752,-0.8974359,0.26281375,0.0,
-2.0636866,-0.9078179,0.2667983,101.0,
-2.0024583,-0.9078179,0.2667983,59.0,
-2.0049155,-0.9068241,0.2644566,40.0,
-2.0183077,-0.9008614,0.2547413,0.0,
-2.004819,-0.9076763,0.25866818,100.0,
-2.1265094,-0.9076763,0.25866818,58.0,
-2.1335468,-0.90345114,0.2567618,41.0,
-2.119728,-0.9123799,0.25459728,0.0,
-2.1333811,-0.90271235,0.2647987,100.0,
-2.036162,-0.90271235,0.2647987,60.0,
-2.0401278,-0.90038204,0.26550072,40.0,
-2.0123463,-0.91619855,0.26319203,0.0,
-2.0281675,-0.909211,0.2505738,99.0,
-2.033837,-0.909211,0.2505738,60.0,
-2.046128,-0.90363383,0.24092951,40.0,
-2.058659,-0.8960681,0.24654093,0.0,
-2.0346313,-0.9070172,0.2662509,56.0,
-2.0280368,-0.9070172,0.2662509,105.0,
-2.0418766,-0.9015707,0.24861819,39.0,
-2.0429947,-0.90039873,0.25224158,0.0,
-2.0280845,-0.9091092,0.25182664,100.0,
-2.012384,-0.9091092,0.25182664,60.0,
-2.0218675,-0.9034657,0.25453135,40.0,
-2.0458934,-0.89102924,0.24548209,0.0,
-2.0314496,-0.8987242,0.24984133,100.0,
-2.0857115,-0.8987242,0.24984133,59.0,
-2.0938697,-0.8945745,0.24348319,41.0,
-2.090587,-0.8971341,0.2378248,0.0,
-2.0805514,-0.90248877,0.24302042,101.0,
-2.104387,-0.90248877,0.24302042,58.0,
-2.1189463,-0.8930307,0.25714338,41.0,
-2.114098,-0.89616954,0.25219813,0.0,
-2.112677,-0.8978073,0.24158184,100.0,
-2.0629,-0.8978073,0.24158184,60.0,
-2.063721,-0.8971349,0.24296863,39.0,
-2.0737693,-0.8911154,0.24288529,0.0,
-2.067115,-0.8942054,0.25010553,100.0,
-2.081004,-0.8942054,0.25010553,59.0,
-2.0925283,-0.88853806,0.2411645,41.0,
-2.0762165,-0.8974259,0.24109353,0.0,
-2.0730045,-0.8984296,0.25066635,100.0,
-2.0147471,-0.8984296,0.25066635,61.0,
-2.0032914,-0.9057719,0.24309242,40.0,
-2.0147526,-0.8988703,0.24736695,0.0,
-2.0064216,-0.9046589,0.23893492,100.0,
-2.1091335,-0.9046589,0.23893492,59.0,
-2.1058054,-0.90617526,0.2436084,40.0,
-2.1380906,-0.88740134,0.24193862,0.0,
-2.1072228,-0.90469044,0.25191408,101.0,
-2.0272007,-0.90469044,0.25191408,61.0,
-2.0315318,-0.90295106,0.24679329,39.0,
-2.035489,-0.9017297,0.2394099,0.0,
-2.0609365,-0.8833654,0.26769975,99.0,
-2.0990517,-0.8833654,0.26769975,59.0,
-2.0783799,-0.8948384,0.26748458,40.0,
-2.0778902,-0.89593613,0.2574031,0.0,
-2.0644944,-0.90395015,0.25066987,56.0,
-2.0330017,-0.90395015,0.25066987,104.0,
-2.0388916,-0.89939386,0.25737742,40.0,
-2.0427976,-0.89880973,0.2459452,0.0,
-2.045758,-0.89484096,0.26044306,101.0,
-2.0931733,-0.89484096,0.26044306,59.0,
-2.0956562,-0.89387476,0.25489306,41.0,
-2.0751996,-0.9064555,0.2430957,0.0,
-2.0901165,-0.895836,0.26980194,101.0,
-2.0525913,-0.895836,0.26980194,59.0,
-2.0671108,-0.88778484,0.2676109,41.0,
-2.0817657,-0.8792489,0.2676504,0.0,
-2.055416,-0.8975043,0.24287564,98.0,
-2.0319362,-0.8975043,0.24287564,60.0,
-2.0163748,-0.9040392,0.25865167,41.0,
-2.02078,-0.9005585,0.26745012,0.0,
-2.0141435,-0.90327215,0.27425396,99.0,
-1.9909813,-0.90327215,0.27425396,59.0,
-2.0062842,-0.8998192,0.24120815,41.0,
-1.9890237,-0.90525895,0.26807317,0.0,
-2.0131192,-0.89180833,0.26958904,100.0,
-1.9643812,-0.89180833,0.26958904,61.0,
-1.9562654,-0.89791775,0.2577214,39.0,
-1.9679654,-0.89365953,0.24518315,0.0,
-1.991738,-0.8807438,0.24407038,100.0,
-2.0608137,-0.8807438,0.24407038,59.0,
-2.0379608,-0.8923739,0.2557307,40.0,
-2.0419948,-0.8886766,0.26936537,0.0,
-1.9728819,-0.9252609,0.26802063,100.0,
-1.9385518,-0.9252609,0.26802063,60.0,
-1.9758904,-0.90870905,0.24917199,40.0,
-2.0114522,-0.88923657,0.24692017,0.0,
-1.9988385,-0.894953,0.25628778,100.0,
-1.9782671,-0.894953,0.25628778,60.0,
-1.9671489,-0.8993413,0.26674828,40.0,
-1.962346,-0.90390533,0.255261,0.0,
-1.9711179,-0.89806294,0.26136762,100.0,
-2.0122225,-0.89806294,0.26136762,59.0,
-2.0175445,-0.8966583,0.25032657,40.0,
-2.0022638,-0.90414006,0.25789183,0.0,
-1.9985341,-0.90656936,0.2556073,101.0,
-1.9779365,-0.90656936,0.2556073,60.0,
-1.9865823,-0.90226686,0.25301862,40.0,
-1.9850075,-0.9042399,0.24608186,0.0,
-1.9712317,-0.9101915,0.25560844,100.0,
-1.9882276,-0.9101915,0.25560844,60.0,
-1.9905449,-0.90744156,0.264038,39.0,
-1.9813318,-0.9146913,0.25222942,0.0,
-1.991773,-0.9089122,0.25140232,101.0,
-1.9825169,-0.9089122,0.25140232,59.0,
-1.97619,-0.9117728,0.25424272,41.0,
-2.0055134,-0.89616984,0.25698566,0.0,
-1.9776514,-0.9116214,0.25006008,99.0,
-2.0173829,-0.9116214,0.25006008,60.0,
-2.002877,-0.9213988,0.23576058,40.0,
-1.9810802,-0.9326692,0.23766446,0.0,
-2.0156815,-0.9113909,0.25893354,100.0,
-2.101798,-0.9113909,0.25893354,60.0,
-2.1138206,-0.9026207,0.2744479,40.0,
-2.1185884,-0.8997284,0.27491003,0.0,
-2.0845068,-0.92200965,0.2556589,100.0,
-1.9737467,-0.92200965,0.2556589,60.0,
-1.992584,-0.9148931,0.23712337,40.0,
-1.9594874,-0.9278133,0.26536012,0.0,
-2.0181081,-0.89770013,0.26021934,100.0,
-2.0487516,-0.89770013,0.26021934,59.0,
-2.018906,-0.9148764,0.25848895,40.0,
-2.0362484,-0.90603834,0.25174168,0.0,
-2.0320435,-0.9085831,0.25080603,100.0,
-1.9487295,-0.9085831,0.25080603,60.0,
-1.9674828,-0.89500743,0.26800153,40.0,
-1.9312012,-0.9096559,0.29559377,0.0,
-1.8857619,-0.93998367,0.2626759,100.0,
-1.9225712,-0.93998367,0.2626759,60.0,
-1.970024,-0.9107601,0.2826777,41.0,
-2.012799,-0.8852055,0.29717115,0.0,
-1.9497976,-0.9180175,0.30305687,100.0,
-1.9762324,-0.9180175,0.30305687,59.0,
-1.9945009,-0.91192317,0.27937233,40.0,
-1.9969804,-0.91199833,0.2698667,0.0,
-2.002503,-0.90778476,0.27830005,100.0,
-1.9849926,-0.90778476,0.27830005,60.0,
-1.9735259,-0.91361123,0.2807402,40.0,
-1.9930698,-0.9049519,0.26817176,0.0,
-1.9921571,-0.905857,0.26574054,101.0,
-2.008939,-0.905857,0.26574054,59.0,
-2.0153792,-0.9044592,0.2504332,40.0,
-2.006187,-0.90756077,0.26417488,0.0,
-1.9990191,-0.90907145,0.2810747,101.0,
-2.0479453,-0.90907145,0.2810747,60.0,
-2.0547004,-0.9043937,0.28763822,41.0,
-2.0678775,-0.89635354,0.2919348,0.0,
-2.0525303,-0.9058915,0.28551787,99.0,
-2.0060525,-0.9058915,0.28551787,61.0,
-1.9976466,-0.9112271,0.27515465,39.0,
-1.974445,-0.9247518,0.26009864,0.0,
-2.0069098,-0.90832025,0.25994098,101.0,
-1.9986264,-0.90832025,0.25994098,59.0,
-2.0270166,-0.8933528,0.25947854,39.0,
-1.9906327,-0.9103053,0.27649626,0.0,
-1.9645687,-0.9251901,0.2638114,101.0,
-2.016636,-0.9251901,0.2638114,59.0,
-2.021832,-0.9192795,0.28497192,41.0,
-2.0124521,-0.9243203,0.2850436,0.0,
-2.0069222,-0.92711276,0.28614986,100.0,
-1.973279,-0.92711276,0.28614986,60.0,
-1.9906133,-0.9205502,0.26943007,40.0,
-1.9823,-0.9248895,0.27080533,0.0,
-2.031605,-0.89587843,0.2802558,100.0,
-2.0536942,-0.89587843,0.2802558,60.0,
-2.0457613,-0.9005832,0.27809998,40.0,
-2.0389953,-0.9043747,0.277951,0.0,
-2.062719,-0.8929034,0.26117662,100.0,
-2.0597253,-0.8929034,0.26117662,60.0,
-2.0736682,-0.88628584,0.25045153,40.0,
-2.0624804,-0.89236313,0.24893546,0.0,
-2.0926337,-0.8773322,0.22835608,100.0,
-2.1074913,-0.8773322,0.22835608,60.0,
-2.101661,-0.8819719,0.2184037,40.0,
-2.1093214,-0.8758399,0.23214199,0.0,
-2.0993173,-0.88167745,0.23528956,101.0,
-2.007608,-0.88167745,0.23528956,59.0,
-1.9813917,-0.8936003,0.25410292,40.0,
-1.9852889,-0.89035773,0.26131716,0.0,
-2.006209,-0.8795904,0.25532296,101.0,
-2.0026712,-0.8795904,0.25532296,59.0,
-2.023321,-0.86767876,0.2572941,41.0,
-2.0271027,-0.866644,0.24797407,0.0,
-2.014689,-0.87471026,0.24116187,100.0,
-2.0604088,-0.87471026,0.24116187,60.0,
-2.059326,-0.8736134,0.25512323,40.0,
-2.0718503,-0.8664123,0.25143513,0.0,
-2.0646143,-0.8707197,0.25251335,100.0,
-2.027956,-0.8707197,0.25251335,59.0,
-2.0206583,-0.87463313,0.25388244,41.0,
-2.0162833,-0.8757588,0.26508525,0.0,
-2.0353203,-0.86662966,0.25201166,100.0,
-2.0247176,-0.86662966,0.25201166,59.0,
-2.0004437,-0.8804842,0.24360058,41.0,
-2.0093172,-0.8756384,0.2446648,0.0,
-2.0215285,-0.86881554,0.24718633,100.0,
-2.0442984,-0.86881554,0.24718633,61.0,
-2.0340552,-0.87548274,0.2398318,39.0,
-2.0291774,-0.87963796,0.22877379,0.0,
-2.0343397,-0.8767548,0.22802114,100.0,
-2.080736,-0.8767548,0.22802114,59.0,
-2.086496,-0.87250763,0.23915298,41.0,
-2.0898101,-0.87073606,0.23726688,0.0,
-2.0911481,-0.8705174,0.22999799,100.0,
-2.058547,-0.8705174,0.22999799,59.0,
-2.0538988,-0.8729464,0.23197992,42.0,
-2.0481963,-0.87604827,0.23275012,0.0,
-2.0475283,-0.87517595,0.2464254,98.0,
-2.064445,-0.87517595,0.2464254,60.0,
-2.0595224,-0.87745494,0.25204822,40.0,
-2.0522346,-0.8808616,0.25944823,0.0,
-2.0728323,-0.8702531,0.24579838,100.0,
-2.03951,-0.8702531,0.24579838,60.0,
-2.042097,-0.86941445,0.23954597,40.0,
-2.0194905,-0.8816836,0.24065946,0.0,
-2.0300658,-0.87694484,0.23115857,100.0,
-2.0757995,-0.87694484,0.23115857,60.0,
-2.0693934,-0.88037837,0.23112328,40.0,
-2.0650504,-0.88317925,0.22412135,0.0,
-2.0495315,-0.8910538,0.22859152,100.0,
-2.0847416,-0.8910538,0.22859152,60.0,
-2.1063652,-0.8781869,0.23701094,39.0,
-2.1113741,-0.87548107,0.23411736,0.0,
-2.0975373,-0.883043,0.23945707,101.0,
-2.049311,-0.883043,0.23945707,60.0,
-2.0419796,-0.8874001,0.23802821,40.0,
-2.058186,-0.87761426,0.24239631,0.0,
-2.0527248,-0.8823525,0.22839542,101.0,
-1.9995819,-0.8823525,0.22839542,60.0,
-1.9861926,-0.88946176,0.23010711,41.0,
-2.0126743,-0.8741245,0.2358638,0.0,
-1.9904146,-0.8844637,0.2499227,100.0,
-2.0764668,-0.8844637,0.2499227,61.0,
-2.0743613,-0.8872314,0.23469897,39.0,
-2.0872543,-0.8799224,0.23147614,0.0,
-2.100423,-0.8720255,0.23084357,100.0,
-2.1230304,-0.8720255,0.23084357,60.0,
-2.1168966,-0.8758937,0.23208539,42.0,
-2.0985057,-0.8879147,0.23019779,0.0,
-2.1059022,-0.88269985,0.23444986,99.0,
-2.0874014,-0.88269985,0.23444986,59.0,
-2.0834703,-0.88529587,0.2290922,41.0,
-2.0826042,-0.8852293,0.23639412,0.0,
-2.108753,-0.87118155,0.22446418,99.0,
-2.0634122,-0.87118155,0.22446418,62.0,
-2.0466406,-0.88271224,0.21451643,39.0,
-2.0449917,-0.8820493,0.22650807,0.0,
-2.0421627,-0.882517,0.23562357,100.0,
-2.0464141,-0.882517,0.23562357,59.0,
-2.048135,-0.8819839,0.2318976,40.0,
-2.037687,-0.887922,0.23383252,0.0,
-2.0097725,-0.903042,0.24069737,99.0,
-2.026073,-0.903042,0.24069737,59.0,
-2.058369,-0.88459116,0.23854618,41.0,
-2.0487123,-0.8901176,0.23976925,0.0,
-2.0591087,-0.8861184,0.22302043,100.0,
-2.0979815,-0.8861184,0.22302043,61.0,
-2.0741894,-0.89849734,0.23205628,39.0,
-2.1030834,-0.88224506,0.24138743,0.0,
-2.0876396,-0.8911746,0.232911,101.0,
-2.0935078,-0.8911746,0.232911,59.0,
-2.0994189,-0.8884942,0.224208,40.0,
-2.0978854,-0.88943243,0.22384153,0.0,
-2.1007454,-0.88653886,0.23803347,101.0,
-2.107104,-0.88653886,0.23803347,59.0,
-2.1152785,-0.8822777,0.23004268,40.0,
-2.1062565,-0.8878752,0.22964992,0.0,
-2.1071823,-0.8875448,0.22729875,100.0,
-2.056407,-0.8875448,0.22729875,61.0,
-2.0636983,-0.8837611,0.2227347,39.0,
-2.0551271,-0.88827354,0.22753413,0.0,
-2.050691,-0.8910549,0.22631696,100.0,
-2.0339255,-0.8910549,0.22631696,59.0,
-2.0347347,-0.88961405,0.23313776,40.0,
-2.051196,-0.8806492,0.22731832,0.0,
-2.0279799,-0.8931124,0.23618664,151.0,
-2.0512872,-0.88117987,0.22290118,0.0,
-2.081465,-0.88117987,0.22290118,9.0,
-2.0752606,-0.88454914,0.22507773,124.0,
-2.0868075,-0.87876284,0.2151604,0.0,
-2.0801725,-0.87876284,0.2151604,77.0,
-2.0503592,-0.8955696,0.21758941,57.0,
-2.0574865,-0.89117324,0.22115427,0.0,
-2.070177,-0.88380265,0.22290118,133.0,
-2.0833278,-0.8753218,0.23404117,0.0,
-2.014324,-0.8753218,0.23404117,9.0,
-2.0263283,-0.87003636,0.22108175,125.0,
-2.0193944,-0.8751031,0.2162369,0.0,
-2.071664,-0.8751031,0.2162369,76.0,
-2.0624714,-0.87986124,0.2229012,57.0,
-2.0668828,-0.87685764,0.2260684,0.0,
-2.0602205,-0.880825,0.22606842,135.0,
-2.0765028,-0.87258273,0.21243249,0.0,
-2.1494935,-0.87258273,0.21243249,10.0,
-2.1179852,-0.89058435,0.22729644,57.0,
-2.120089,-0.88934964,0.22742587,132.0,
-2.1362264,-0.8796382,0.23085162,0.0,
-2.1089437,-0.8796382,0.23085162,9.0,
-2.1011255,-0.883894,0.23145296,91.0,
-2.1251469,-0.8708383,0.2241684,99.0,
-2.088713,-0.8908506,0.22733307,0.0,
-2.060346,-0.8908506,0.22733307,9.0,
-2.0764763,-0.88186955,0.2280327,91.0,
-2.0755603,-0.8820844,0.23180525,100.0,
-2.0725543,-0.8846538,0.22089511,0.0,
-2.0383124,-0.8846538,0.22089511,9.0,
-2.0346143,-0.88516146,0.23405124,90.0,
-2.0459905,-0.8788031,0.23338577,101.0,
-2.0454154,-0.87918365,0.23290625,0.0,
-2.051488,-0.87918365,0.23290625,8.0,
-2.0501354,-0.8803979,0.2279935,91.0,
-2.0574386,-0.8772747,0.21798858,100.0,
-2.0472004,-0.8832155,0.21637774,0.0,
-2.1324906,-0.8832155,0.21637774,9.0,
-2.1397948,-0.8784569,0.22388873,91.0,
-2.1510773,-0.87191004,0.21867004,7.0,
-2.0989213,-0.87191004,0.21867004,104.0,
-2.0690348,-0.88874435,0.22581235,56.0,
-2.0965548,-0.87275076,0.22560029,0.0,
-2.0745158,-0.8847672,0.23465392,134.0,
-2.1072161,-0.8671246,0.21593565,0.0,
-2.1151137,-0.8671246,0.21593565,9.0,
-2.0956154,-0.87993443,0.21064502,125.0,
-2.0940783,-0.87997335,0.21901976,0.0,
-2.1037037,-0.87997335,0.21901976,76.0,
-2.1121051,-0.87356853,0.23255636,58.0,
-2.102286,-0.8799947,0.22776493,0.0,
-2.109326,-0.87731373,0.21064499,133.0,
-2.1059115,-0.8783054,0.22218448,0.0,
-2.1413906,-0.8783054,0.22218448,11.0,
-2.1317322,-0.8835771,0.23071581,122.0,
-2.137507,-0.8801006,0.23239146,0.0,
-2.0314336,-0.8801006,0.23239146,76.0,
-2.0374784,-0.87842125,0.21831761,57.0,
-2.0266044,-0.8874575,0.2005987,0.0,
-2.0198195,-0.8880545,0.22332956,134.0,
-2.03322,-0.87937903,0.22997075,0.0,
-2.052784,-0.87937903,0.22997075,8.0,
-2.0198467,-0.8966431,0.22955856,124.0,
-2.0656912,-0.87275076,0.22560029,0.0,
-2.0630307,-0.87275076,0.22560029,77.0,
-2.0591474,-0.8750797,0.22462113,57.0,
-2.0568006,-0.8781126,0.2088305,0.0,
-2.0597332,-0.8745043,0.22703905,133.0,
-2.0370982,-0.8874342,0.22581236,0.0,
-2.0121508,-0.8874342,0.22581236,9.0,
-2.04617,-0.86856925,0.2248879,125.0,
-2.005453,-0.8912169,0.22480288,0.0,
-2.056819,-0.8912169,0.22480288,76.0,
-2.0743976,-0.88128734,0.21901976,57.0,
-2.0694323,-0.88344806,0.2260684,0.0,
-2.0562623,-0.89099044,0.22901808,133.0,
-2.0614192,-0.8888395,0.22187455,0.0,
-2.070809,-0.8888395,0.22187455,10.0,
-2.0822294,-0.88294053,0.21585307,124.0,
-2.082384,-0.88259745,0.21901977,0.0,
-2.0433967,-0.88259745,0.21901977,77.0,
-2.0392733,-0.8847497,0.22026055,40.0,
-2.035723,-0.8865304,0.22187454,0.0,
-2.0345857,-0.8874358,0.21930508,101.0,
-2.0765152,-0.8874358,0.21930508,59.0,
-2.0920613,-0.87682474,0.227592,40.0,
-2.103701,-0.869407,0.22877187,0.0,
-2.0730455,-0.8890087,0.22363913,100.0,
-2.085863,-0.8890087,0.22363913,61.0,
-2.1197662,-0.8680852,0.22126304,39.0,
-2.1102464,-0.8741949,0.2206916,0.0,
-2.098104,-0.8826387,0.21326956,100.0,
-2.0433435,-0.8826387,0.21326956,58.0,
-2.0482402,-0.87878674,0.22001332,40.0,
-2.0480545,-0.87900394,0.21921155,0.0,
-2.050816,-0.8787195,0.20890898,101.0,
-2.114922,-0.8787195,0.20890898,59.0,
-2.1129217,-0.8799462,0.20880333,41.0,
-2.1171148,-0.87619853,0.2243436,0.0,
-2.116111,-0.8778346,0.21086161,100.0,
-2.116702,-0.87828475,0.20118709,5.0,
-2.1030698,-0.87828475,0.20118709,55.0,
-2.0972521,-0.88132584,0.20681413,90.0,
-2.0924728,-0.88235617,0.22392727,103.0,
-2.080806,-0.88900846,0.2279642,0.0,
-2.0353737,-0.88900846,0.2279642,7.0,
-2.0436714,-0.88535273,0.22014588,91.0,
-2.0267973,-0.8934335,0.22728196,100.0,
-2.0595975,-0.8767363,0.22355327,0.0,
-2.0772247,-0.8767363,0.22355327,9.0,
-2.0589333,-0.8867741,0.22661126,91.0,
-2.095049,-0.866566,0.2217493,100.0,
-2.0619256,-0.8858198,0.21917327,0.0,
-2.0548255,-0.8858198,0.21917327,10.0,
-2.0593538,-0.883966,0.21240926,89.0,
-2.0694416,-0.8764833,0.22714375,101.0,
-2.0491848,-0.88903064,0.21950296,0.0,
-2.053102,-0.88903064,0.21950296,8.0,
-2.0502267,-0.89182913,0.20652165,91.0,
-2.0689278,-0.8816415,0.20448872,101.0,
-2.0778997,-0.87482893,0.22809255,0.0,
-2.0769777,-0.87524635,0.22944024,5.0,
-2.0632937,-0.87524635,0.22944024,5.0,
-2.059891,-0.8787811,0.21199024,139.0,
-2.0606644,-0.8787811,0.21199024,60.0,
-2.061435,-0.876479,0.2251317,40.0,
-2.0641654,-0.87495464,0.22385791,0.0,
-2.0667517,-0.8733743,0.22361888,100.0,
-2.1099904,-0.8733743,0.22361888,59.0,
-2.094379,-0.8829652,0.22192323,42.0,
-2.0912578,-0.8846811,0.22345099,0.0,
-2.1198378,-0.8680729,0.21414791,99.0,
-2.0455263,-0.8680729,0.21414791,59.0,
-2.018726,-0.8822913,0.21993409,41.0,
-2.0334501,-0.87690336,0.19588144,0.0,
-2.0180597,-0.8846908,0.20296896,99.0,
-2.0265684,-0.8846908,0.20296896,60.0,
-2.0199413,-0.8865385,0.21734144,40.0,
-2.032986,-0.8793439,0.21555112,0.0,
-2.0143294,-0.88848025,0.22643404,100.0,
-2.087904,-0.88848025,0.22643404,60.0,
-2.1096058,-0.8763659,0.21676663,40.0,
-2.085402,-0.8901347,0.22455436,0.0,
-2.1039305,-0.87856436,0.23124343,100.0,
-2.0953493,-0.87856436,0.23124343,59.0,
-2.085875,-0.8847418,0.22477946,40.0,
-2.077965,-0.88969904,0.22163767,0.0,
-2.0941017,-0.88000023,0.22339979,100.0,
-2.0486395,-0.88000023,0.22339979,61.0,
-2.040148,-0.88390434,0.23037589,39.0,
-2.039616,-0.8846051,0.2252448,0.0,
-2.0311618,-0.88999814,0.21469587,100.0,
-2.0848668,-0.88999814,0.21469587,60.0,
-2.1005387,-0.8803984,0.21729825,40.0,
-2.085233,-0.89018357,0.21086648,0.0,
-2.108051,-0.87639636,0.21111317,100.0,
-2.1264918,-0.87639636,0.21111317,59.0,
-2.1132681,-0.8835231,0.22059976,40.0,
-2.1203651,-0.8804411,0.20380008,0.0,
-2.10237,-0.89102304,0.20242064,100.0,
-2.1129842,-0.8846857,0.20499066,53.0,
-2.1117737,-0.8846857,0.20499066,8.0,
-2.1145704,-0.88138044,0.22171386,139.0,
-2.1052256,-0.8876346,0.21583827,0.0,
-2.1200826,-0.8876346,0.21583827,60.0,
-2.1323133,-0.8801527,0.22055073,41.0,
-2.1407669,-0.87502944,0.22248435,0.0,
-2.1315851,-0.88056517,0.22087072,99.0,
-2.107218,-0.88056517,0.22087072,60.0,
-2.1041985,-0.8818455,0.22696039,41.0,
-2.1003654,-0.88415366,0.22686674,0.0,
-2.0824587,-0.89538205,0.2209048,99.0,
-2.0368567,-0.89538205,0.2209048,61.0,
-2.0367994,-0.8954128,0.22091892,39.0,
-2.0568275,-0.8841035,0.21926434,0.0,
-2.0542364,-0.88602346,0.21576495,100.0,
-2.0541008,-0.88602346,0.21576495,60.0,
-2.0776403,-0.87237895,0.21756373,39.0,
-2.0738497,-0.8753872,0.20877676,0.0,
-2.0565035,-0.88456786,0.2166984,101.0,
-2.046735,-0.88456786,0.2166984,58.0,
-2.0462062,-0.88443255,0.22014667,40.0,
-2.0394206,-0.8883092,0.22088341,0.0,
-2.0493279,-0.8831525,0.21577261,100.0,
-2.0781817,-0.8831525,0.21577261,60.0,
-2.0604062,-0.8928498,0.2138105,40.0,
-2.0750182,-0.884805,0.21665803,0.0,
-2.0863729,-0.8789512,0.21146923,100.0,
-2.101921,-0.8789512,0.21146923,60.0,
-2.1005511,-0.8806926,0.20232384,40.0,
-2.0934305,-0.88469493,0.20573045,0.0,
-2.1017666,-0.87901413,0.21179631,100.0,
-2.091438,-0.87901413,0.21179631,59.0,
-2.0895941,-0.8795887,0.21724351,41.0,
-2.096996,-0.8744332,0.22521675,0.0,
-2.086976,-0.8799595,0.22983688,101.0,
-2.0933957,-0.8799595,0.22983688,59.0,
-2.100959,-0.87534505,0.2303112,39.0,
-2.0914235,-0.8818109,0.22317722,0.0,
-2.1198895,-0.86541486,0.2096774,101.0,
-2.0966291,-0.8804021,0.20634373,51.0,
-2.1071618,-0.8804021,0.20634373,6.0,
-2.0980315,-0.8854305,0.21086445,124.0,
-2.0901315,-0.89021534,0.20902355,0.0,
-2.0431018,-0.89021534,0.20902355,76.0,
-2.056662,-0.87997335,0.21901976,58.0,
-2.0404222,-0.8917924,0.209709,0.0,
-2.043363,-0.88779294,0.22259945,134.0,
-2.055528,-0.87914616,0.22923103,0.0,
-2.0811725,-0.87914616,0.22923103,10.0,
-2.069769,-0.88692015,0.21545935,123.0,
-2.0494812,-0.8981567,0.21758942,0.0,
-2.1080067,-0.8981567,0.21758942,76.0,
-2.1267207,-0.88666415,0.22362189,59.0,
-2.1357584,-0.8810624,0.22679867,0.0,
-2.1254227,-0.8870708,0.22901805,132.0,
-2.1396217,-0.87868345,0.22776492,0.0,
-2.0808077,-0.87868345,0.22776492,9.0,
-2.0511432,-0.8961558,0.22406383,124.0,
-2.0741763,-0.8822597,0.23071578,0.0,
-2.0891118,-0.87521386,0.21243249,67.0,
-2.0830336,-0.87521386,0.21243249,11.0,
-2.0820518,-0.87566465,0.21378763,121.0,
-2.071878,-0.8809391,0.2221845,0.0,
-2.0652497,-0.8809391,0.2221845,77.0,
-2.0078363,-0.91323376,0.22164927,57.0,
-2.0907466,-0.8671887,0.2079883,0.0,
-2.0756085,-0.8735249,0.2370673,133.0,
-2.0601652,-0.88449806,0.21655066,0.0,
-2.0354736,-0.88449806,0.21655066,9.0,
-2.0305583,-0.8885476,0.20883049,124.0,
-2.0319154,-0.8859047,0.22147284,0.0,
-2.118042,-0.8859047,0.22147284,76.0,
-2.099025,-0.89635867,0.2287998,56.0,
-2.0950267,-0.8968017,0.25307515,0.0,
-2.0835195,-0.9042366,0.23852256,134.0,
-2.0917118,-0.89982504,0.2369601,0.0,
-2.0245228,-0.89982504,0.2369601,10.0,
-2.0065763,-0.9096688,0.23843084,125.0,
-2.0072992,-0.9090256,0.24003524,0.0,
-1.9984484,-0.9090256,0.24003524,75.0,
-2.023597,-0.8983849,0.21720788,57.0,
-2.0522814,-0.8837597,0.20183352,0.0,
-2.0078132,-0.90670043,0.22101508,134.0,
-2.0295243,-0.89464587,0.21985114,0.0,
-2.0590966,-0.89464587,0.21985114,9.0,
-2.0867877,-0.87823266,0.2249463,93.0,
-2.073066,-0.88595146,0.22713539,97.0,
-2.0521367,-0.8986032,0.21960133,0.0,
-2.0595543,-0.8986032,0.21960133,9.0,
-2.068877,-0.8920755,0.22751434,91.0,
-2.0761683,-0.8874612,0.22985095,100.0,
-2.0715117,-0.8907559,0.2254487,0.0,
-2.0308974,-0.8907559,0.2254487,9.0,
-2.0157373,-0.90031606,0.21824302,91.0,
-2.0349126,-0.88850933,0.22515412,101.0,
-2.0334802,-0.8897856,0.22159411,0.0,
-2.0329223,-0.8897856,0.22159411,8.0,
-2.036697,-0.8882127,0.21700601,90.0,
-2.0208352,-0.8979697,0.21443224,100.0,
-2.0269096,-0.89251196,0.22707814,0.0,
-2.0950153,-0.89251196,0.22707814,9.0,
-2.0907688,-0.8945954,0.2313718,94.0,
-2.099264,-0.89050406,0.22175775,97.0,
-2.104083,-0.888946,0.20859596,0.0,
-2.0383592,-0.888946,0.20859596,9.0,
-2.010003,-0.90321475,0.22084807,91.0,
-2.0255718,-0.8945009,0.22169577,102.0,
-2.0385766,-0.88675195,0.22556423,0.0,
-2.0574064,-0.88675195,0.22556423,8.0,
-2.0434659,-0.8950232,0.22146574,90.0,
-2.0462751,-0.894447,0.2129232,101.0,
-2.0551581,-0.88826746,0.22320718,0.0,
-2.0977685,-0.88826746,0.22320718,9.0,
-2.1046093,-0.8835419,0.23762234,91.0,
-2.1006026,-0.8866846,0.22300644,100.0,
-2.0822942,-0.8976387,0.21412466,0.0,
-2.0382073,-0.8976387,0.21412466,9.0,
-2.0334508,-0.8989626,0.22556587,90.0,
-2.034199,-0.89678884,0.24339968,101.0,
-2.0532224,-0.8877716,0.23183112,0.0,
-2.0225058,-0.8877716,0.23183112,9.0,
-2.0134866,-0.8938627,0.2231676,90.0,
-2.0109863,-0.894904,0.2256811,100.0,
-1.9981,-0.9020397,0.22497499,0.0,
-1.9937804,-0.9020397,0.22497499,10.0,
-2.0038617,-0.8977905,0.21641347,90.0,
-1.9936736,-0.9044614,0.20866035,101.0,
-2.0083716,-0.8970295,0.20415173,0.0,
-2.0783887,-0.8970295,0.20415173,8.0,
-2.0776145,-0.89617336,0.21594666,91.0,
-2.0738564,-0.8969455,0.22924331,101.0,
-2.089791,-0.888098,0.2257352,0.0,
-2.1101048,-0.888098,0.2257352,10.0,
-2.1097872,-0.88829887,0.22557026,89.0,
-2.1025507,-0.8928671,0.22194275,101.0,
-2.105798,-0.8902839,0.22998093,0.0,
-2.0355434,-0.8902839,0.22998093,9.0,
-2.041915,-0.88708204,0.22658552,91.0,
-2.020053,-0.9008362,0.2163434,99.0,
-2.025845,-0.8975407,0.21647167,0.0,
-2.0415955,-0.8975407,0.21647167,9.0,
-2.0347464,-0.9010962,0.21982166,91.0,
-2.0376017,-0.8953947,0.24858132,100.0,
-2.0482242,-0.8896548,0.24567829,0.0,
-1.9991943,-0.8896548,0.24567829,10.0,
-1.9733573,-0.9061376,0.23271747,89.0,
-1.9772624,-0.9045741,0.22919846,101.0,
-1.931518,-0.9239248,0.25842473,0.0,
-2.0519984,-0.9239248,0.25842473,8.0,
-2.0077672,-0.94081557,0.30788115,91.0,
-2.0004082,-0.95595175,0.22860454,100.0,
-1.9823579,-0.9676934,0.21654876,0.0,
-1.9739316,-0.9676934,0.21654876,9.0,
-1.978941,-0.9648071,0.21747455,90.0,
-1.9937328,-0.94835037,0.26587418,103.0,
-2.028943,-0.9305614,0.2600999,0.0,
-2.0370646,-0.9305614,0.2600999,7.0,
-2.044184,-0.93023443,0.23140948,91.0,
-2.0059493,-0.9537793,0.20994952,99.0,
-2.0447333,-0.93538326,0.19192371,0.0,
-2.0152485,-0.93538326,0.19192371,9.0,
-1.9842871,-0.9459098,0.229103,90.0,
-1.972896,-0.94781625,0.25289783,102.0,
-1.9517431,-0.9561096,0.26639763,0.0,
-1.9551942,-0.9561096,0.26639763,8.0,
-1.9642341,-0.9497441,0.27391747,91.0,
-1.9855591,-0.9403131,0.26237416,100.0,
-1.9886771,-0.9363599,0.27446496,0.0,
-1.9842167,-0.9363599,0.27446496,10.0,
-1.9670014,-0.9408391,0.30048004,90.0,
-1.9849066,-0.9263558,0.32696268,100.0,
-1.9675384,-0.9395234,0.30578962,0.0,
-1.8421584,-0.9395234,0.30578962,9.0,
-1.8313549,-0.94396186,0.3101586,91.0,
-1.8216804,-0.9426071,0.33473468,101.0,
-1.8448639,-0.94119,0.29378834,0.0,
-1.7789335,-0.94119,0.29378834,10.0,
-1.7619934,-0.9519192,0.2886347,88.0,
-1.7861178,-0.93768656,0.2925994,102.0,
-1.8261399,-0.9189703,0.28154305,0.0,
-1.8714486,-0.9189703,0.28154305,11.0,
-1.8584863,-0.93436515,0.24738818,88.0,
-1.8208448,-0.94565094,0.27995756,100.0,
-1.8508683,-0.91879785,0.32929718,0.0,
-1.7086921,-0.91879785,0.32929718,10.0,
-1.7131808,-0.91986114,0.3182907,90.0,
-1.6985451,-0.93115765,0.30397883,100.0,
-1.7180496,-0.92219794,0.3023959,0.0,
-1.8280795,-0.92219794,0.3023959,9.0,
-1.8098224,-0.92475384,0.32927316,91.0,
-1.7420202,-0.94152576,0.38703257,100.0,
-1.757053,-0.9497485,0.32850277,0.0,
-1.6578591,-0.9497485,0.32850277,10.0,
-1.6742082,-0.96238184,0.27092615,90.0,
-1.6677388,-0.99215984,0.20639695,100.0,
-1.6923153,-0.95435977,0.26632535,0.0,
-1.7249682,-0.95435977,0.26632535,10.0,
-1.740102,-0.92972916,0.3197162,90.0,
-1.7150867,-0.9267843,0.3716997,101.0,
-1.7187124,-0.9304563,0.35269156,0.0,
-1.7235816,-0.9304563,0.35269156,9.0,
-1.7942107,-0.9099434,0.30377814,91.0,
-1.8307049,-0.88523847,0.33421615,103.0,
-1.8299487,-0.8831242,0.34654066,0.0,
-1.7661548,-0.8831242,0.34654066,7.0,
-1.7652116,-0.8963732,0.29477078,89.0,
-1.8207278,-0.8930394,0.19941014,100.0,
-1.8129723,-0.89788824,0.19820823,0.0,
-1.9430679,-0.89788824,0.19820823,9.0,
-1.9104681,-0.91408813,0.20676242,91.0,
-1.9070601,-0.913384,0.21884897,100.0,
-1.8453219,-0.94428366,0.22342403,0.0,
-1.814789,-0.94428366,0.22342403,8.0,
-1.8283505,-0.9412384,0.20835362,91.0,
-1.882279,-0.91169965,0.20087586,100.0,
-1.8521914,-0.9206484,0.23199423,0.0,
-1.7883432,-0.9206484,0.23199423,9.0,
-1.8859246,-0.85731524,0.28264248,90.0,
-1.9151416,-0.84403443,0.26921776,100.0,
-1.8647739,-0.87155944,0.2668805,0.0,
-1.9690707,-0.87155944,0.2668805,9.0,
-1.9419115,-0.8926117,0.23950578,91.0,
-2.047298,-0.82342523,0.2753543,101.0,
-2.0266953,-0.8401785,0.24487063,0.0,
-1.983917,-0.8401785,0.24487063,8.0,
-1.8860322,-0.9018882,0.19820158,90.0,
-1.869612,-0.9063735,0.21734938,100.0,
-1.914873,-0.87645763,0.24980922,0.0,
-1.8832259,-0.87645763,0.24980922,10.0,
-1.8579463,-0.88346136,0.27992815,90.0,
-1.8637859,-0.88720113,0.24782297,101.0,
-1.868123,-0.8881957,0.23293611,0.0,
-1.9577857,-0.8881957,0.23293611,8.0,
-1.934338,-0.9006892,0.2357657,90.0,
-1.9234192,-0.90222543,0.25862226,101.0,
-1.8994459,-0.9102753,0.2816234,0.0,
-1.8832949,-0.9102753,0.2816234,9.0,
-1.9015322,-0.90150696,0.27880636,90.0,
-1.8632228,-0.91983867,0.28412738,100.0,
-1.8130418,-0.9410406,0.2981811,0.0,
-1.9216521,-0.9410406,0.2981811,10.0,
-1.9539049,-0.9260189,0.29433334,90.0,
-1.9671055,-0.92496127,0.2587313,100.0,
-1.9633267,-0.92603725,0.26411724,0.0,
-1.9042987,-0.92603725,0.26411724,9.0,
-1.9068922,-0.9225535,0.27354866,91.0,
-1.8945626,-0.929463,0.27212456,101.0,
-1.8967533,-0.92729694,0.27659518,0.0,
-1.8739363,-0.92729694,0.27659518,8.0,
-1.8553205,-0.93799967,0.2726367,92.0,
-1.8724535,-0.9284091,0.27517578,99.0,
-1.8599513,-0.93505496,0.27478513,0.0,
-1.9360952,-0.93505496,0.27478513,9.0,
-1.9430473,-0.93167377,0.27300388,90.0,
-1.9621291,-0.92191905,0.26958364,100.0,
-1.9619321,-0.922848,0.26531577,0.0,
-2.0212903,-0.922848,0.26531577,9.0,
-1.9837993,-0.94217974,0.273231,91.0,
-1.9419055,-0.9813949,0.19793041,100.0,
-1.9086643,-0.99425745,0.21906276,0.0,
-1.9841063,-0.99425745,0.21906276,9.0,
-1.9917727,-0.9914252,0.2128,91.0,
-2.0173051,-0.97262,0.23714869,100.0,
-2.0320232,-0.9666422,0.22507313,0.0,
-1.9867016,-0.9666422,0.22507313,9.0,
-1.936106,-0.9950851,0.2226186,91.0,
-1.9425619,-0.99629396,0.20354365,100.0,
-1.9258535,-1.0015019,0.21898185,0.0,
-1.9677109,-1.0015019,0.21898185,9.0,
-1.956122,-1.0044025,0.23338062,91.0,
-1.9698708,-0.9985436,0.22697371,101.0,
-1.9564044,-1.0023096,0.24210767,0.0,
-1.9847994,-1.0023096,0.24210767,9.0,
-1.9975566,-0.99568164,0.24038877,91.0,
-2.000082,-0.99668276,0.22942273,100.0,
-2.000019,-0.9989952,0.21932232,0.0,
-1.943134,-0.9989952,0.21932232,10.0,
-1.9447012,-0.9971015,0.22397162,90.0,
-1.9094181,-1.0112056,0.24108881,100.0,
-1.9331485,-0.99947375,0.2399221,0.0,
-2.0043705,-0.99947375,0.2399221,9.0,
-1.9911897,-1.0070213,0.23934545,92.0,
-2.0056193,-1.0002911,0.2332146,100.0,
-2.0134928,-1.0001295,0.2143837,0.0,
-1.9719671,-1.0001295,0.2143837,9.0,
-1.9376444,-1.0135534,0.23713447,91.0,
-1.9633679,-0.99954486,0.23603225,101.0,
-1.9530027,-1.0145507,0.20141089,0.0,
-1.9137425,-1.0145507,0.20141089,8.0,
-1.9314722,-1.0046097,0.2046587,91.0,
-1.9400623,-0.99640167,0.2211546,100.0,
-1.9264917,-0.99882406,0.24141733,0.0,
-1.99027,-0.99882406,0.24141733,9.0,
-1.9770799,-1.0072045,0.23262827,90.0,
-2.0022924,-0.9971273,0.21752785,101.0,
-2.011922,-0.99330163,0.21078193,0.0,
-2.016067,-0.99330163,0.21078193,8.0,
-2.0045679,-0.9964595,0.2262428,91.0,
-2.00205,-0.9964659,0.23298834,101.0,
-2.0061395,-0.9948963,0.22985096,0.0,
-1.99735,-0.9948963,0.22985096,9.0,
-1.9931754,-1.0005741,0.21382608,90.0,
-2.0148292,-0.9896952,0.20846078,100.0,
-2.0052457,-0.99310905,0.21768253,0.0,
-2.0070941,-0.99310905,0.21768253,9.0,
-2.0068138,-0.9929945,0.2189245,91.0,
-1.9937735,-1.0016328,0.21324392,100.0,
-1.9947586,-1.0017843,0.21019322,0.0,
-1.9880068,-1.0017843,0.21019322,9.0,
-1.9899162,-1.000495,0.21102329,91.0,
-1.9972407,-0.99621475,0.21137482,100.0,
-1.9947778,-0.99717027,0.21331434,0.0,
-2.0319078,-0.99717027,0.21331434,9.0,
-2.0105407,-1.0088798,0.21639292,90.0,
-2.0213745,-1.0056725,0.20332937,101.0,
-2.0274785,-1.0017873,0.20456113,0.0,
-2.0215828,-1.0017873,0.20456113,9.0,
-2.0142138,-1.0047258,0.21034412,91.0,
-2.008304,-1.0084505,0.20896374,101.0,
-2.014848,-1.0024856,0.21851479,0.0,
-1.9617913,-1.0024856,0.21851479,9.0,
-1.9798623,-0.99048775,0.22679995,0.0,
-1.9562178,-1.0036728,0.22621953,125.0,
-1.9835591,-0.9977769,0.18768589,0.0,
-1.9938728,-0.9977769,0.18768589,76.0,
-1.9983319,-0.9930464,0.2010911,57.0,
-1.961444,-1.007392,0.22244878,0.0,
-1.9772305,-0.9987513,0.22823517,133.0,
-1.9503775,-1.0129099,0.22121845,0.0,
-1.9100418,-1.0129099,0.22121845,9.0,
-1.923911,-1.0093738,0.20650032,127.0,
-1.9246044,-1.0106925,0.19968322,0.0,
-1.9727871,-1.0106925,0.19968322,73.0,
-1.984587,-1.0014013,0.2132439,58.0,
-2.00999,-0.98804337,0.21135491,0.0,
-1.983688,-0.9987513,0.22823517,134.0,
-1.9858313,-0.9976248,0.22823519,0.0,
-1.9537659,-0.9976248,0.22823519,9.0,
-1.958003,-0.9977966,0.21825832,124.0,
-1.9204555,-1.0155562,0.2306398,0.0,
-1.9573,-1.0155562,0.2306398,77.0,
-1.9281218,-1.0279034,0.24202234,57.0,
-2.0325742,-0.97554886,0.22542578,0.0,
-2.0434883,-0.968182,0.23145756,134.0,
-2.0381842,-0.97717696,0.20089208,0.0,
-2.0511274,-0.97717696,0.20089208,9.0,
-2.0118828,-1.0034511,0.18813345,91.0,
-1.9845866,-1.0138266,0.20986997,100.0,
-2.0360074,-0.98005825,0.23039262,0.0,
-2.0777044,-0.98005825,0.23039262,11.0,
-2.061814,-0.98740274,0.2404303,89.0,
-2.009127,-1.0179372,0.23232304,100.0,
-2.0388844,-1.0087732,0.19786541,0.0,
-1.9779514,-1.0087732,0.19786541,10.0,
-1.9855524,-1.0042003,0.20080332,89.0,
-2.0030642,-0.99044484,0.2249228,100.0,
-1.9953749,-0.9931559,0.2318087,0.0,
-1.9644436,-0.9931559,0.2318087,9.0,
-1.9496734,-1.0016781,0.22714704,91.0,
-1.958364,-0.9958288,0.23393774,100.0,
-1.9617726,-0.99271035,0.24079145,0.0,
-1.9351952,-0.99271035,0.24079145,9.0,
-1.9116371,-1.0025781,0.2503979,91.0,
-1.9129249,-1.0040783,0.24133687,100.0,
-1.9305168,-1.0023196,0.21087836,0.0,
-1.962835,-1.0023196,0.21087836,9.0,
-1.9749873,-0.99581105,0.21100932,91.0,
-2.0299344,-0.96207833,0.23013797,101.0,
-2.0834086,-0.9322123,0.22435595,0.0,
-2.0246139,-0.9322123,0.22435595,9.0,
-2.0838795,-0.9022518,0.19482711,94.0,
-2.0607116,-0.9133883,0.2146057,97.0,
-2.0958254,-0.8954592,0.19073103,0.0,
-2.0313518,-0.8954592,0.19073103,10.0,
-2.035842,-0.89229596,0.19489808,92.0,
-2.0563068,-0.8814569,0.18583226,98.0,
-2.0646217,-0.8766403,0.18435003,0.0,
-2.0486073,-0.8766403,0.18435003,9.0,
-2.036645,-0.88328993,0.18395485,91.0,
-2.0332901,-0.8848333,0.186717,100.0,
-2.038651,-0.88247305,0.18122523,0.0,
-2.0302203,-0.88247305,0.18122523,8.0,
-2.0264912,-0.8842214,0.18394554,91.0,
-2.0257685,-0.8850226,0.18047541,100.0,
-2.0211198,-0.88740784,0.18192835,0.0,
-2.0021133,-0.88740784,0.18192835,8.0,
-2.0143023,-0.8817404,0.17532744,91.0,
-2.0166342,-0.87973815,0.18276735,100.0,
-2.0286934,-0.8726958,0.19016185,0.0,
-2.0298808,-0.8726958,0.19016185,9.0,
-2.0304725,-0.87361634,0.17976812,91.0,
-2.02881,-0.87667584,0.16371356,100.0,
-2.0250158,-0.8791035,0.16225459,0.0,
-2.0103426,-0.8791035,0.16225459,8.0,
-2.0110621,-0.8776564,0.17034234,91.0,
-2.020876,-0.8719971,0.17184028,100.0,
-2.0199137,-0.87133056,0.18227369,0.0,
-2.0963626,-0.87133056,0.18227369,9.0,
-2.086613,-0.87933946,0.1669157,91.0,
-2.0797174,-0.88272744,0.17438298,100.0,
-2.0923464,-0.8737092,0.1836323,0.0,
-2.049608,-0.8737092,0.1836323,9.0,
-2.0482976,-0.8728645,0.19830093,90.0,
-2.0597835,-0.86771095,0.1839571,100.0,
-2.0462458,-0.876043,0.18039182,0.0,
-2.0542386,-0.876043,0.18039182,9.0,
-2.0422091,-0.88518685,0.16391669,91.0,
-2.0370045,-0.89113003,0.1440746,100.0,
-2.048075,-0.88023883,0.17552753,0.0,
-2.0648904,-0.88023883,0.17552753,9.0,
-2.0787072,-0.8698988,0.19332452,91.0,
-2.0901673,-0.8623843,0.1995271,99.0,
-2.0584974,-0.88282216,0.18571548,0.0,
-2.0244188,-0.88282216,0.18571548,9.0,
-2.0246074,-0.88385564,0.1760051,91.0,
-2.0368464,-0.8757704,0.18752642,101.0,
-2.0378377,-0.8750473,0.18920831,0.0,
-2.016756,-0.8750473,0.18920831,9.0,
-2.0149665,-0.87649906,0.18484086,90.0,
-2.0052605,-0.8815333,0.18656777,100.0,
-2.0085769,-0.88001853,0.18429573,0.0,
-2.0893002,-0.88001853,0.18429573,9.0,
-2.0840409,-0.8840241,0.17202108,90.0,
-2.107558,-0.8702479,0.17279892,100.0,
-2.1080842,-0.8697072,0.17618573,0.0,
-2.1109123,-0.8697072,0.17618573,9.0,
-2.1111662,-0.8696422,0.17492709,91.0,
-2.1018498,-0.8752276,0.17408377,99.0,
-2.091129,-0.8815066,0.17405461,0.0,
-2.0109446,-0.8815066,0.17405461,9.0,
-2.0144768,-0.87853587,0.17976384,92.0,
-2.0128858,-0.8814872,0.16692004,99.0,
-2.022377,-0.87584335,0.16647133,0.0,
-2.0938883,-0.87584335,0.16647133,9.0,
-2.0836494,-0.88025445,0.18426873,91.0,
-2.0858827,-0.87879,0.18590453,100.0,
-2.1002972,-0.87046826,0.18305483,0.0,
-2.0432222,-0.87046826,0.18305483,9.0,
-2.0361152,-0.8757151,0.17299166,90.0,
-2.0348408,-0.8763384,0.17390047,100.0,
-2.0291948,-0.87983847,0.17181058,0.0,
-2.0172687,-0.87983847,0.17181058,9.0,
-2.024999,-0.8733838,0.187092,91.0,
-2.0087457,-0.88255733,0.18727839,100.0,
-2.0058367,-0.8835092,0.19224864,0.0,
-2.0429378,-0.8835092,0.19224864,9.0,
-2.0528984,-0.8792784,0.17921923,91.0,
-2.048948,-0.88222295,0.17390491,100.0,
-2.0385785,-0.88775736,0.1777706,0.0,
-2.0782344,-0.88775736,0.1777706,9.0,
-2.0580761,-0.8999515,0.18097503,91.0,
-2.0712042,-0.8932535,0.17095315,100.0,
-2.0654926,-0.89687496,0.17098193,0.0,
-2.0257351,-0.89687496,0.17098193,8.0,
-2.0108757,-0.90338534,0.18460722,91.0,
-2.0354955,-0.8873865,0.19648887,100.0,
-2.0059323,-0.9052929,0.1903432,0.0,
-2.0306327,-0.9052929,0.1903432,8.0,
-2.0276513,-0.90870017,0.17830029,91.0,
-2.042463,-0.8982446,0.19294393,100.0,
-2.0382314,-0.8990881,0.20525882,0.0,
-2.000615,-0.8990881,0.20525882,11.0,
-2.0055246,-0.8951025,0.21369842,41.0,
-2.0069063,-0.8987431,0.184677,149.0,
-2.0196643,-0.89478016,0.16307408,0.0,
-2.0829105,-0.89478016,0.16307408,8.0,
-2.0654595,-0.9034031,0.17830554,91.0,
-2.0840392,-0.89051896,0.19084665,101.0,
-2.0776973,-0.8941314,0.19274259,0.0,
-1.9908968,-0.8941314,0.19274259,9.0,
-1.9741858,-0.9058751,0.17745465,90.0,
-1.9974884,-0.8930162,0.17606173,100.0,
-1.985154,-0.90051174,0.17294204,0.0,
-2.0214462,-0.90051174,0.17294204,9.0,
-2.0150185,-0.901026,0.19503303,90.0,
-2.0106404,-0.90262514,0.2009046,100.0,
-2.0263681,-0.89707345,0.17754632,0.0,
-2.0766957,-0.89707345,0.17754632,9.0,
-2.0794098,-0.8961373,0.17168929,91.0,
-2.0681245,-0.90086424,0.18802339,100.0,
-2.0751145,-0.8972077,0.18467574,0.0,
-2.065938,-0.8972077,0.18467574,9.0,
-2.0646896,-0.8984678,0.18046199,90.0,
-2.0787914,-0.8904405,0.17733401,101.0,
-2.0750735,-0.8924066,0.1795781,0.0,
-2.0496042,-0.8924066,0.1795781,9.0,
-2.0382748,-0.8992497,0.17576434,91.0,
-2.0605078,-0.8992497,0.17576434,108.0,
-2.0531142,-0.90246993,0.18411787,41.0,
-2.0760353,-0.88778204,0.20120864,0.0,
-2.081792,-0.8857603,0.18733917,0.0,
-2.0620546,-0.8974877,0.18348145,100.0,
-2.0717244,-0.8974877,0.18348145,61.0,
-2.0882692,-0.888412,0.17686571,39.0,
-2.102926,-0.8799416,0.17243198,0.0,
-2.0879707,-0.8879351,0.18303233,101.0,
-2.022869,-0.8879351,0.18303233,59.0,
-2.0084803,-0.8979748,0.17640738,40.0,
-2.0148063,-0.89353454,0.17944916,0.0,
-2.0189476,-0.8911474,0.17853099,100.0,
-2.064024,-0.8911474,0.17853099,60.0,
-2.0732048,-0.88315547,0.1948585,40.0,
-2.059885,-0.8909855,0.19746795,0.0,
-2.0380356,-0.90427953,0.19632514,100.0,
-2.0348196,-0.90427953,0.19632514,60.0,
-2.050593,-0.89597183,0.19341572,41.0,
-2.0461326,-0.8978106,0.19916694,0.0,
-2.0492864,-0.8958978,0.20096485,100.0,
-2.0791798,-0.8958978,0.20096485,61.0,
-2.0822418,-0.8954494,0.18974294,39.0,
-2.0807161,-0.89712,0.18418472,0.0,
-2.0778942,-0.89799124,0.19068317,100.0,
-2.031159,-0.89799124,0.19068317,59.0,
-2.0311887,-0.89678425,0.1977235,41.0,
-2.0326443,-0.89640975,0.1946414,0.0,
-2.04236,-0.8945871,0.17003216,99.0,
-2.0213645,-0.8945871,0.17003216,60.0,
-1.9967531,-0.90737695,0.17859006,39.0,
-2.014428,-0.89558715,0.19002059,0.0,
-2.012515,-0.89287585,0.21744257,101.0,
-1.9415327,-0.89287585,0.21744257,60.0,
-1.9486569,-0.8901688,0.21064064,39.0,
-1.9403517,-0.8963361,0.20313352,0.0,
-1.9493841,-0.89125615,0.20283014,100.0,
-1.9985071,-0.89125615,0.20283014,59.0,
-2.0055504,-0.8859213,0.21262811,40.0,
-1.9893416,-0.8923995,0.22986868,0.0,
-1.9784018,-0.9010068,0.21150425,101.0,
-1.9594066,-0.9010068,0.21150425,60.0,
-1.97152,-0.8950514,0.20726877,40.0,
-1.976872,-0.89423394,0.19448808,0.0,
-1.9809738,-0.89362985,0.18455477,100.0,
-2.0426633,-0.89362985,0.18455477,59.0,
-2.0368774,-0.8943162,0.20685475,40.0,
-1.9903615,-0.91816205,0.21203573,0.0,
-2.0020695,-0.9142309,0.19625261,101.0,
-1.9423884,-0.9142309,0.19625261,59.0,
-1.9786509,-0.89782166,0.17618974,40.0,
-1.9584962,-0.90453285,0.20185368,0.0,
-1.9936864,-0.88178474,0.2258381,100.0,
-2.0304976,-0.88178474,0.2258381,60.0,
-2.0242026,-0.8864667,0.21667643,40.0,
-2.0160215,-0.89558166,0.18559125,0.0,
-2.031196,-0.8857837,0.191909,100.0,
-2.0390792,-0.8857837,0.191909,60.0,
-2.0544276,-0.87475276,0.20748538,40.0,
-2.0260575,-0.89325887,0.19299328,0.0,
-2.0226095,-0.89672065,0.1833453,100.0,
-2.0618975,-0.89672065,0.1833453,59.0,
-2.0816824,-0.8855945,0.19006434,40.0,
-2.0683668,-0.8911769,0.21347313,0.0,
-2.0795906,-0.8850999,0.21839313,100.0,
-2.0461788,-0.8850999,0.21839313,59.0,
-2.0266385,-0.898176,0.20502344,41.0,
-2.0564208,-0.88319427,0.18605436,0.0,
-2.069575,-0.87297523,0.2036789,100.0,
-2.1191144,-0.87297523,0.2036789,59.0,
-2.0968137,-0.8853441,0.21826467,41.0,
-2.05672,-0.90978056,0.21138743,0.0,
-2.0657518,-0.9092152,0.177126,100.0,
-2.0293787,-0.9092152,0.177126,59.0,
-2.0499833,-0.8961076,0.19198759,41.0,
-2.0435555,-0.89741725,0.21331142,0.0,
-2.0484722,-0.8939016,0.22304125,100.0,
-1.9723207,-0.8939016,0.22304125,59.0,
-1.9308634,-0.91530174,0.22424498,40.0,
-1.9488791,-0.906065,0.22398697,0.0,
-1.9234384,-0.91947055,0.2221187,100.0,
-2.012999,-0.91947055,0.2221187,59.0,
-2.046495,-0.90227985,0.21444874,40.0,
-2.050138,-0.900746,0.21016943,0.0,
-2.0539577,-0.8977596,0.21774946,101.0,
-2.0923057,-0.8977596,0.21774946,59.0,
-2.1021287,-0.8926897,0.20987827,41.0,
-2.0796857,-0.90442723,0.22451961,0.0,
-2.09998,-0.8925749,0.22389819,99.0,
-2.0526912,-0.8925749,0.22389819,59.0,
-2.058874,-0.8896036,0.2179009,40.0,
-2.0553224,-0.8948922,0.20151803,0.0,
-2.036833,-0.9050095,0.21163447,101.0,
-1.9029088,-0.9050095,0.21163447,58.0,
-1.9142768,-0.8926074,0.2397247,41.0,
-1.9291384,-0.8841609,0.24097696,0.0,
-1.9238133,-0.8942628,0.20643488,100.0,
-1.9976646,-0.8942628,0.20643488,59.0,
-2.025598,-0.8732581,0.24207221,40.0,
-2.0345676,-0.8733598,0.20106824,0.0,
-2.01493,-0.88520324,0.20017624,101.0,
-2.0651903,-0.88520324,0.20017624,60.0,
-2.0625138,-0.8863312,0.20396924,40.0,
-2.0290422,-0.90340185,0.22428887,0.0,
-2.040421,-0.8966212,0.22533052,100.0,
-2.0716705,-0.8966212,0.22533052,60.0,
-2.0764809,-0.8995626,0.1752058,41.0,
-2.08608,-0.8971425,0.1491233,0.0,
-2.052615,-0.90900016,0.2108524,99.0,
-2.0687373,-0.90900016,0.2108524,59.0,
-2.1385858,-0.8656013,0.23830912,40.0,
-2.1242404,-0.87450266,0.23362036,0.0,
-2.0873134,-0.8974823,0.21840209,100.0,
-2.0911129,-0.8974823,0.21840209,60.0,
-2.1025784,-0.8939842,0.18280622,40.0,
-2.088721,-0.9026779,0.17777918,0.0,
-2.0512066,-0.9250408,0.17152615,100.0,
-2.0524745,-0.9250408,0.17152615,59.0,
-2.0857725,-0.9081432,0.16397409,40.0,
-2.0551958,-0.9245112,0.16254558,0.0,
-2.099081,-0.901409,0.15661138,100.0,
-2.0763652,-0.901409,0.15661138,59.0,
-2.1083791,-0.8828388,0.15848114,40.0,
-2.1010034,-0.8863058,0.1694259,0.0,
-2.0484278,-0.9130472,0.19266853,101.0,
-2.045697,-0.9130472,0.19266853,59.0,
-2.0485604,-0.9150176,0.16849524,40.0,
-2.0456014,-0.91215295,0.19934481,0.0,
-2.0670705,-0.89809656,0.21217906,100.0,
-2.044893,-0.89809656,0.21217906,60.0,
-2.015766,-0.9183248,0.17952605,40.0,
-2.0010443,-0.931895,0.14703396,0.0,
-2.0008345,-0.9312399,0.15136652,101.0,
-2.1036072,-0.9312399,0.15136652,60.0,
-2.1663036,-0.891506,0.1703858,40.0,
-2.1669464,-0.8925336,0.14956814,0.0,
-2.1313314,-0.91565794,0.14177571,100.0,
-2.0684657,-0.91565794,0.14177571,60.0,
-2.0751157,-0.90997314,0.15458019,41.0,
-2.0757008,-0.9067093,0.17874342,0.0,
-2.0919194,-0.89857227,0.16640547,100.0,
-2.094915,-0.89857227,0.16640547,59.0,
-2.0797493,-0.9068383,0.1692861,41.0,
-2.080586,-0.90752214,0.15742333,0.0,
-2.0605536,-0.91675127,0.17526297,100.0,
-2.079413,-0.91675127,0.17526297,60.0,
-2.080146,-0.91751325,0.16435921,41.0,
-2.0661166,-0.9249047,0.16853195,0.0,
-2.0887418,-0.91389495,0.15256064,99.0,
-2.103535,-0.91389495,0.15256064,60.0,
-2.1009285,-0.91545194,0.15147437,40.0,
-2.096832,-0.91823304,0.14614747,0.0,
-2.0861921,-0.92444795,0.14337885,100.0,
-2.1120949,-0.92444795,0.14337885,59.0,
-2.1149037,-0.9218253,0.15295753,40.0,
-2.1096737,-0.9266745,0.13605061,0.0,
-2.109449,-0.92802835,0.12552679,101.0,
-2.0972006,-0.92802835,0.12552679,59.0,
-2.1057653,-0.92270017,0.12519516,40.0,
-2.095324,-0.92415756,0.16130719,0.0,
-2.1133006,-0.9131992,0.16185096,100.0,
-2.1958518,-0.9131992,0.16185096,60.0,
-2.1893883,-0.9189896,0.1477635,40.0,
-2.1903937,-0.91918623,0.1397217,0.0,
-2.1834989,-0.92518026,0.1289195,101.0,
-2.1074383,-0.92518026,0.1289195,58.0,
-2.0893073,-0.93751997,0.12241016,41.0,
-2.1075346,-0.9245023,0.1331926,0.0,
-2.1065955,-0.9236768,0.14327252,101.0,
-2.172702,-0.9236768,0.14327252,58.0,
-2.152516,-0.9365715,0.13157818,41.0,
-2.121154,-0.95390123,0.13896461,0.0,
-2.1263394,-0.9516403,0.13246399,100.0,
-2.0443952,-0.9516403,0.13246399,59.0,
-2.0355814,-0.9560699,0.1353064,40.0,
-2.0341895,-0.95570534,0.14242032,0.0,
-2.0291426,-0.957854,0.14616154,100.0,
-2.1059906,-0.957854,0.14616154,60.0,
-2.122001,-0.9510928,0.12596223,39.0,
-2.075845,-0.9719965,0.16835171,0.0,
-2.0336773,-0.9980638,0.15216848,101.0,
-2.1319196,-0.9980638,0.15216848,60.0,
-2.1269805,-1.0017844,0.14693603,40.0,
-2.1408038,-0.9944241,0.14151399,0.0,
-2.1295865,-0.9986359,0.15737118,100.0,
-2.1112182,-0.9986359,0.15737118,60.0,
-2.0981867,-1.0068945,0.15374635,39.0,
-2.0911508,-1.0141011,0.13710071,0.0,
-2.0770266,-1.0190501,0.1536007,101.0,
-2.060766,-1.0190501,0.1536007,59.0,
-2.0967414,-1.0008907,0.13848433,40.0,
-2.1122692,-0.98912984,0.15036629,0.0,
-2.1306095,-0.97561747,0.16281657,100.0,
-2.1379144,-0.97561747,0.16281657,60.0,
-2.1379173,-0.97635746,0.15816998,40.0,
-2.1595159,-0.9617905,0.16398111,0.0,
-2.15083,-0.9656737,0.17530344,100.0,
-2.1501396,-0.9656737,0.17530344,62.0,
-2.162462,-0.95917124,0.16743419,38.0,
-2.173063,-0.95280963,0.16612315,0.0,
-2.1673012,-0.9563525,0.1661977,101.0,
-2.0857747,-0.9563525,0.1661977,58.0,
-2.0789714,-0.9594786,0.1716297,40.0,
-2.1105633,-0.94211924,0.16242304,0.0,
-2.093569,-0.9524008,0.16192332,101.0,
-2.1050441,-0.9524008,0.16192332,60.0,
-2.0882597,-0.96093494,0.1700217,40.0,
-2.102476,-0.95187104,0.17772876,0.0,
-2.0824924,-0.96208054,0.18550745,100.0,
-2.0748222,-0.96208054,0.18550745,63.0,
-2.093308,-0.95287406,0.17429402,37.0,
-2.0892167,-0.9563299,0.16844995,0.0,
-2.0961473,-0.95330316,0.16117738,100.0,
-2.0957987,-0.95330316,0.16117738,60.0,
-2.0948908,-0.9531815,0.16633014,40.0,
-2.073857,-0.96288276,0.18101795,0.0,
-2.1075752,-0.9445811,0.17959137,102.0,
-2.1271436,-0.9445811,0.17959137,59.0,
-2.115632,-0.95296425,0.16514823,41.0,
-2.0764601,-0.974571,0.16952918,0.0,
-2.0991824,-0.961536,0.17203352,100.0,
-2.1646907,-0.961536,0.17203352,60.0,
-2.1299157,-0.9832588,0.16865095,41.0,
-2.1316264,-0.9821354,0.16933143,0.0,
-2.1217365,-0.9883777,0.16694409,98.0,
-2.081476,-0.9883777,0.16694409,60.0,
-2.0947404,-0.98034245,0.16903593,40.0,
-2.0732496,-0.9911854,0.17789426,0.0,
-2.0584197,-0.99784225,0.18710423,101.0,
-2.0571737,-0.99784225,0.18710423,59.0,
-2.0646665,-0.99792594,0.16389062,41.0,
-2.0769897,-0.99322736,0.15094079,0.0,
-2.07925,-0.9898264,0.16193703,100.0,
-2.0399778,-0.9898264,0.16193703,59.0,
-2.0442913,-0.9864601,0.1662313,40.0,
-2.0478215,-0.98361015,0.17030665,0.0,
-2.074441,-0.9673859,0.17346694,100.0,
-2.079057,-0.9673859,0.17346694,59.0,
-2.1066675,-0.9524209,0.16589157,40.0,
-2.1207306,-0.9446174,0.16102988,0.0,
-2.1130188,-0.94840926,0.16746596,100.0,
-2.0966704,-0.94840926,0.16746596,60.0,
-2.1134906,-0.9379209,0.17834327,41.0,
-2.1376445,-0.9250628,0.16752523,0.0,
-2.1331532,-0.9278364,0.16582397,101.0,
-2.1043212,-0.9278364,0.16582397,60.0,
-2.128449,-0.9140421,0.15744734,39.0,
-2.1403015,-0.90593845,0.16318661,0.0,
-2.139285,-0.9067845,0.16126764,100.0,
-2.1607945,-0.9067845,0.16126764,59.0,
-2.1485074,-0.91488725,0.15833636,41.0,
-2.1421306,-0.9184805,0.16224219,0.0,
-2.144015,-0.9170076,0.16515042,99.0,
-2.1628304,-0.9170076,0.16515042,60.0,
-2.1640892,-0.91643375,0.16294357,40.0,
-2.1531157,-0.92327476,0.1665991,0.0,
-2.156688,-0.9207548,0.16789225,105.0,
-2.1652317,-0.9207548,0.16789225,56.0,
-2.1779118,-0.9129762,0.16785827,43.0,
-2.1739864,-0.91596586,0.15990472,0.0,
-2.1653368,-0.9207962,0.16648783,97.0,
-2.1450286,-0.9207962,0.16648783,59.0,
-2.1438534,-0.9211624,0.17061304,40.0,
-2.1492352,-0.91780084,0.17302255,0.0,
-2.110339,-0.9404219,0.17083904,100.0,
-2.159626,-0.9404219,0.17083904,59.0,
-2.1524382,-0.9466814,0.15326534,41.0,
-2.1597614,-0.9393381,0.18138562,0.0,
-2.1768162,-0.9298756,0.17013372,101.0,
-2.1087232,-0.9298756,0.17013372,59.0,
-2.0978212,-0.9359467,0.1745765,39.0,
-2.0869374,-0.94400996,0.1650805,0.0,
-2.0932457,-0.94088465,0.16047831,100.0,
-2.1071272,-0.9321307,0.16142343,53.0,
-2.077128,-0.9321307,0.16142343,7.0,
-2.103079,-0.91447884,0.18540819,140.0,
-2.0968416,-0.9190029,0.17639543,0.0,
-2.1549728,-0.9190029,0.17639543,59.0,
-2.1342204,-0.931457,0.1614358,41.0,
-2.1271307,-0.93566203,0.15762456,0.0,
-2.1284673,-0.93526447,0.15315314,100.0,
-2.1241388,-0.93526447,0.15315314,60.0,
-2.108814,-0.94368666,0.1563766,39.0,
-2.1014547,-0.94898885,0.14616227,0.0,
-2.1413338,-0.92553467,0.14937077,100.0,
-2.094063,-0.92553467,0.14937077,60.0,
-2.090475,-0.92440444,0.18218543,40.0,
-2.0980387,-0.91945463,0.19315407,0.0,
-2.036356,-0.95569474,0.1584754,100.0,
-2.0504963,-0.95569474,0.1584754,59.0,
-2.066888,-0.9492359,0.1401305,40.0,
-2.0521097,-0.95376855,0.16540693,0.0,
-2.0911598,-0.9302658,0.17807758,100.0,
-2.1069818,-0.9302658,0.17807758,60.0,
-2.133333,-0.91245705,0.1942044,40.0,
-2.1019766,-0.9376776,0.14661297,0.0,
-2.110565,-0.9390345,0.10441559,100.0,
-2.0372787,-0.9390345,0.10441559,60.0,
-2.0122635,-0.952715,0.112070486,40.0,
-2.0004768,-0.95673615,0.1258703,0.0,
-1.9999056,-0.9581883,0.1206859,100.0,
-2.0727386,-0.9581883,0.1206859,59.0,
-2.0551028,-0.96287745,0.15262951,40.0,
-2.0494955,-0.96311545,0.16960709,0.0,
-2.0745983,-0.9497274,0.16211392,100.0,
-2.0032544,-0.9497274,0.16211392,61.0,
-1.9872781,-0.9549746,0.18122894,40.0,
-1.9629482,-0.9712574,0.17175485,0.0,
-1.9701188,-0.96947503,0.16195597,100.0,
-1.9363761,-0.96947503,0.16195597,59.0,
-1.95342,-0.95976686,0.16560502,41.0,
-1.9499707,-0.9605133,0.17091191,0.0,
-1.9390714,-0.9637343,0.1829858,100.0,
-1.9365219,-0.9637343,0.1829858,59.0,
-1.9671794,-0.9489674,0.17189787,40.0,
-1.971263,-0.9436512,0.18546975,0.0,
-1.9637063,-0.95035106,0.17462015,100.0,
-1.9867337,-0.95035106,0.17462015,61.0,
-1.9854429,-0.9474747,0.19476323,40.0,
-2.0152104,-0.931817,0.19296542,0.0,
-1.9901235,-0.9454279,0.19223835,100.0,
-1.9666516,-0.9454279,0.19223835,60.0,
-1.9846365,-0.936416,0.1898407,40.0,
-2.0228665,-0.9144178,0.19978827,0.0,
-1.9969201,-0.9285492,0.19838525,101.0,
-2.0452557,-0.9285492,0.19838525,59.0,
-2.0353107,-0.9453725,0.13639197,40.0,
-2.0491776,-0.93676454,0.13692896,0.0,
-2.0402534,-0.93642837,0.16821751,100.0,
-2.0960805,-0.93642837,0.16821751,60.0,
-2.1002996,-0.9328874,0.17872475,40.0,
-2.1368837,-0.91284347,0.16536288,0.0,
-2.1227863,-0.92013526,0.1772464,101.0,
-2.179085,-0.92013526,0.1772464,58.0,
-2.163204,-0.93127257,0.16925652,41.0,
-2.1708877,-0.9246877,0.18483634,0.0,
-2.1736498,-0.9232934,0.18099971,100.0,
-2.1449542,-0.9232934,0.18099971,59.0,
-2.1306965,-0.9332368,0.1658256,41.0,
-2.1388574,-0.9274903,0.17475654,0.0,
-2.1768775,-0.9050016,0.16326165,101.0,
-2.150189,-0.9050016,0.16326165,60.0,
-2.1057873,-0.93933123,0.12092851,39.0,
-2.1167917,-0.93317527,0.11520822,0.0,
-2.1061354,-0.93544275,0.1443138,100.0,
-2.1214485,-0.93544275,0.1443138,59.0,
-2.1310055,-0.9269219,0.1650922,40.0,
-2.138379,-0.9207654,0.18010783,0.0,
-2.1343262,-0.9232159,0.18032527,101.0,
-2.0825748,-0.9232159,0.18032527,59.0,
-2.0806234,-0.9270211,0.1549237,41.0,
-2.0586352,-0.9383061,0.16238369,0.0,
-2.0614247,-0.9376787,0.15527682,99.0,
-2.0774057,-0.9376787,0.15527682,60.0,
-2.0761123,-0.9411584,0.13948393,40.0,
-2.1154852,-0.9088249,0.1949054,0.0,
-2.1258733,-0.8986792,0.2347846,99.0,
-2.2237887,-0.8986792,0.2347846,59.0,
-2.2016904,-0.9156114,0.1842665,40.0,
-2.1735384,-0.9445765,0.095334105,0.0,
-2.160814,-0.95371026,0.09218931,101.0,
-2.0756404,-0.95371026,0.09218931,59.0,
-2.1090388,-0.9228002,0.17048584,41.0,
-2.1064715,-0.91906697,0.22979209,0.0,
-2.1096058,-0.9214299,0.18076043,100.0,
-2.0907574,-0.9214299,0.18076043,62.0,
-2.081065,-0.9318709,0.1484942,38.0,
-2.0801957,-0.93513745,0.1316116,0.0,
-2.0968575,-0.9218616,0.15038551,100.0,
-2.0816824,-0.9218616,0.15038551,61.0,
-2.0831976,-0.91790473,0.17405902,39.0,
-2.0691407,-0.92828274,0.15746659,0.0,
-2.0702007,-0.9289099,0.14877233,101.0,
-2.155346,-0.9289099,0.14877233,58.0,
-2.148547,-0.9326955,0.15268521,41.0,
-2.1398785,-0.93627197,0.16906987,0.0,
-2.1364038,-0.93764406,0.17602536,100.0,
-2.1110814,-0.93764406,0.17602536,64.0,
-2.1150463,-0.9356754,0.17305742,35.0,
-2.1018953,-0.94599855,0.150708,0.0,
-2.0929904,-0.9506111,0.15487283,101.0,
-2.0622683,-0.9506111,0.15487283,59.0,
-2.0673134,-0.94766337,0.15599182,41.0,
-2.0590808,-0.95076096,0.16661006,0.0,
-2.0480695,-0.95575774,0.17345735,100.0,
-2.0468807,-0.95575774,0.17345735,60.0,
-2.080092,-0.9390524,0.16079132,40.0,
-2.0673003,-0.9454783,0.16675577,0.0,
-2.075775,-0.9428045,0.15131627,100.0,
-2.144671,-0.9428045,0.15131627,60.0,
-2.134933,-0.9483297,0.1552083,39.0,
-2.1370058,-0.9461729,0.16228238,0.0,
-2.1461992,-0.9403532,0.1637929,100.0,
-2.0570428,-0.9403532,0.1637929,59.0,
-2.0364933,-0.95303106,0.15795231,40.0,
-2.0411272,-0.95132107,0.15251498,0.0,
-2.0553699,-0.9440214,0.14689147,101.0,
-2.134169,-0.9440214,0.14689147,59.0,
-2.1497388,-0.933724,0.15381359,41.0,
-2.150853,-0.9329964,0.15420446,0.0,
-2.1388912,-0.94226074,0.13765882,100.0,
-2.0873082,-0.94226074,0.13765882,61.0,
-2.0956757,-0.9374642,0.13765584,40.0,
-2.0765135,-0.94734997,0.14543074,0.0,
-2.0852022,-0.9405146,0.16196702,100.0,
-2.1545935,-0.9405146,0.16196702,58.0,
-2.166852,-0.93316877,0.16019596,41.0,
-2.1603322,-0.9378475,0.15364197,0.0,
-2.1535265,-0.9433349,0.14186563,100.0,
-2.1584046,-0.9433349,0.14186563,60.0,
-2.1465478,-0.9493308,0.15322669,40.0,
-2.17373,-0.93354094,0.1427102,0.0,
-2.1662714,-0.93935555,0.13325992,100.0,
-2.0762491,-0.93935555,0.13325992,60.0,
-2.0646555,-0.9470405,0.13065425,40.0,
-2.0818655,-0.93853825,0.118181586,0.0,
-2.083515,-0.9348796,0.1327417,99.0,
-2.182174,-0.9348796,0.1327417,60.0,
-2.1707509,-0.94138104,0.1377573,41.0,
-2.1752245,-0.9403233,0.11803874,0.0,
-2.164579,-0.9463902,0.12237358,100.0,
-2.125519,-0.9463902,0.12237358,59.0,
-2.1224015,-0.94660723,0.13647279,43.0,
-2.1255937,-0.94469833,0.13697635,0.0,
-2.1236308,-0.9461511,0.13415167,99.0,
-2.0727556,-0.9461511,0.13415167,60.0,
-2.076269,-0.9420844,0.14882806,39.0,
-2.085227,-0.937652,0.14353032,0.0,
-2.0807023,-0.9392741,0.1509845,102.0,
-2.1250703,-0.9392741,0.1509845,59.0,
-2.140658,-0.93047327,0.14406486,41.0,
-2.123739,-0.94151133,0.14018169,0.0,
-2.121964,-0.94040006,0.15699372,99.0,
-2.0839276,-0.94040006,0.15699372,60.0,
-2.0573637,-0.9537427,0.16802803,41.0,
-2.0935512,-0.9344661,0.16035663,0.0,
-2.0883994,-0.9392851,0.14583401,99.0,
-2.0637417,-0.9392851,0.14583401,62.0,
-2.0638337,-0.9405662,0.13493761,38.0,
-2.072685,-0.9348195,0.14240392,0.0,
-2.080206,-0.92893416,0.15898015,100.0,
-2.1354492,-0.92893416,0.15898015,60.0,
-2.1329372,-0.9343854,0.12793769,40.0,
-2.1312118,-0.9378547,0.111248165,0.0,
-2.1263516,-0.93945056,0.121557906,101.0,
-2.06775,-0.93945056,0.121557906,59.0,
-2.0608234,-0.94065875,0.1399952,41.0,
-2.0455835,-0.9479925,0.14855285,0.0,
-2.0357049,-0.9544955,0.14229979,99.0,
-1.9783027,-0.9544955,0.14229979,60.0,
-2.0203345,-0.9365075,0.110554814,39.0,
-2.0380874,-0.92832273,0.09681371,0.0,
-2.00756,-0.9441328,0.11086441,100.0,
-1.9930278,-0.9441328,0.11086441,59.0,
-1.9768624,-0.9532779,0.111945264,41.0,
-1.9796473,-0.9464702,0.13671099,0.0,
-2.0623438,-0.8941807,0.16410185,150.0,
-2.0934014,-0.86819816,0.25776693,0.0,
-1.937268,-0.86819816,0.25776693,9.0,
-1.9850531,-0.83191127,0.32147387,91.0,
-1.9567273,-0.84695953,0.32366434,99.0,
-1.9183967,-0.8805104,0.24996242,0.0,
-1.8873626,-0.8805104,0.24996242,10.0,
-1.8621304,-0.9017892,0.21026881,90.0,
-1.88935,-0.88759446,0.2087482,101.0,
-1.9006335,-0.88041747,0.21405482,0.0,
-1.9163281,-0.88041747,0.21405482,9.0,
-1.9051538,-0.8850162,0.22145125,90.0,
-1.897729,-0.8909367,0.21162336,100.0,
-1.9017894,-0.8882484,0.21414274,0.0,
-1.9772338,-0.8882484,0.21414274,9.0,
-1.9807724,-0.88570094,0.21709125,91.0,
-1.9416536,-0.90366536,0.23878354,101.0,
-1.9626801,-0.89099866,0.2459842,0.0,
-1.9835287,-0.89099866,0.2459842,9.0,
-2.0270581,-0.86998016,0.2333338,89.0,
-2.043706,-0.86174256,0.22512487,101.0,
-2.0146577,-0.8784584,0.21401283,0.0,
-2.0622623,-0.8784584,0.21401283,9.0,
-2.0905187,-0.8646432,0.18743686,91.0,
-2.062063,-0.8828033,0.16245557,101.0,
-2.0507884,-0.8943119,0.119628206,0.0,
-2.1436596,-0.8943119,0.119628206,8.0,
-2.141164,-0.8980846,0.096790574,90.0,
-2.1371634,-0.9003402,0.099749826,101.0,
-2.141662,-0.89724994,0.101831965,0.0,
-2.1306448,-0.89724994,0.101831965,10.0,
-2.1299074,-0.8955623,0.12211231,90.0,
-2.1336226,-0.89221174,0.13284543,100.0,
-2.1175444,-0.9005139,0.14972843,0.0,
-2.0875397,-0.9005139,0.14972843,9.0,
-2.0977514,-0.88970286,0.19544345,91.0,
-2.1320481,-0.869087,0.19887905,101.0,
-2.14976,-0.8629601,0.1278207,0.0,
-2.097401,-0.8629601,0.1278207,8.0,
-2.0785134,-0.8817923,0.08512485,90.0,
-2.0344722,-0.8980224,0.15827928,101.0,
-2.0437436,-0.8901598,0.1756143,0.0,
-2.007778,-0.8901598,0.1756143,10.0,
-2.0154636,-0.88953805,0.15173908,89.0,
-2.0023062,-0.90096074,0.13298936,100.0,
-2.0033,-0.89952886,0.1373068,0.0,
-1.8939555,-0.89952886,0.1373068,10.0,
-1.8736347,-0.9071476,0.15298374,90.0,
-1.8914678,-0.8911944,0.18083435,101.0,
-1.8930863,-0.8903938,0.18050003,0.0,
-1.8605248,-0.8903938,0.18050003,8.0,
-1.8530416,-0.89026695,0.19903995,91.0,
-1.8402907,-0.89621866,0.20118688,101.0,
-1.8358797,-0.89977455,0.19512275,0.0,
-1.8388369,-0.89977455,0.19512275,10.0,
-1.8756695,-0.8837609,0.17736855,89.0,
-1.8896556,-0.87917864,0.16287671,100.0,
-1.8924173,-0.87576556,0.17058653,0.0,
-1.9307736,-0.87576556,0.17058653,9.0,
-1.8957195,-0.90290457,0.12899765,91.0,
-1.8363116,-0.9359952,0.12455548,102.0,
-1.8657218,-0.8996239,0.22113097,0.0,
-1.888727,-0.8996239,0.22113097,8.0,
-1.9160916,-0.88269824,0.2402831,90.0,
-1.8854824,-0.8947938,0.25745544,101.0,
-1.8246591,-0.9290163,0.22976504,0.0,
-1.8895768,-0.9290163,0.22976504,10.0,
-1.8719386,-0.9370258,0.23468769,90.0,
-1.915161,-0.92493016,0.18661186,100.0,
-1.8704824,-0.951363,0.17976268,0.0,
-1.9925723,-0.951363,0.17976268,9.0,
-2.047012,-0.91905,0.19271702,91.0,
-2.1145158,-0.8796004,0.18695842,100.0,
-2.0845964,-0.8995498,0.17309678,0.0,
-2.0749166,-0.8995498,0.17309678,8.0,
-2.0761206,-0.90021735,0.16240487,92.0,
-2.061484,-0.91003907,0.15568218,99.0,
-2.0891435,-0.88924074,0.18803245,0.0,
-2.231341,-0.88924074,0.18803245,10.0,
-2.2363424,-0.8863522,0.16410036,90.0,
-2.2600155,-0.870682,0.12841643,100.0,
-2.1882946,-0.92402136,0.08261724,0.0,
-2.2743304,-0.92402136,0.08261724,8.0,
-2.257832,-0.9345166,0.09859597,91.0,
-2.2857168,-0.9150287,0.12042122,100.0,
-2.309469,-0.8983629,0.12054263,0.0,
-2.3282468,-0.8983629,0.12054263,9.0,
-2.2738128,-0.9341975,0.11161264,90.0,
-2.26348,-0.94091207,0.09440571,101.0,
-2.3005905,-0.9166725,0.09441492,0.0,
-2.341146,-0.9166725,0.09441492,9.0,
-2.3383045,-0.9193019,0.11431647,90.0,
-2.3106823,-0.93816406,0.13218495,101.0,
-2.323573,-0.92948616,0.121243894,0.0,
-2.2816017,-0.92948616,0.121243894,9.0,
-2.276918,-0.93254983,0.12377958,91.0,
-2.2844715,-0.9274942,0.12444589,100.0,
-2.2927756,-0.92182803,0.12798288,0.0,
-2.242543,-0.92182803,0.12798288,9.0,
-2.2484684,-0.91803145,0.13583526,90.0,
-2.2822788,-0.89629674,0.13940904,100.0,
-2.276238,-0.9001092,0.12444256,0.0,
-2.295289,-0.9001092,0.12444256,9.0,
-2.273098,-0.9145048,0.108001105,90.0,
-2.2796848,-0.9101872,0.09029976,101.0,
-2.2477815,-0.930392,0.15442486,0.0,
-2.201919,-0.930392,0.15442486,8.0,
-2.180281,-0.9426557,0.16119827,91.0,
-2.2101817,-0.9263782,0.13142379,101.0,
-2.2381182,-0.9088486,0.12649001,0.0,
-2.1927087,-0.9088486,0.12649001,9.0,
-2.1475263,-0.9381005,0.118453585,92.0,
-2.163039,-0.9293297,0.110179946,99.0,
-2.1747642,-0.925381,0.07707628,0.0,
-2.086742,-0.925381,0.07707628,9.0,
-2.122886,-0.90297794,0.06471871,90.0,
-2.0919306,-0.92004603,0.08768466,100.0,
-2.0785542,-0.9235072,0.11788938,0.0,
-2.035473,-0.9235072,0.11788938,9.0,
-2.0823927,-0.89119595,0.14786579,93.0,
-2.0598314,-0.89841294,0.2016503,99.0,
-2.0163887,-0.92026156,0.2132452,0.0,
-1.9593666,-0.92026156,0.2132452,9.0,
-1.9350383,-0.9331713,0.21264547,91.0,
-1.9393015,-0.9312765,0.21090522,100.0,
-1.9307597,-0.9393489,0.19292983,0.0,
-1.9612093,-0.9393489,0.19292983,8.0,
-1.9871299,-0.9307209,0.16370197,91.0,
-1.9738879,-0.9348171,0.1812719,101.0,
-1.9680092,-0.93670267,0.1882266,0.0,
-2.0105112,-0.93670267,0.1882266,8.0,
-2.0689135,-0.9015931,0.18822211,90.0,
-2.1195536,-0.8631635,0.2514832,100.0,
-2.0444791,-0.9202574,0.16711201,0.0,
-2.028966,-0.9202574,0.16711201,9.0,
-2.0372548,-0.9280157,0.08771133,91.0,
-2.1234584,-0.8827526,0.02085826,102.0,
-1.9848633,-0.95821154,0.09004479,0.0,
-2.0428743,-0.95821154,0.09004479,8.0,
-2.0221386,-0.94186914,0.30420297,89.0,
-2.1735408,-0.8736314,0.37989208,100.0,
-2.1388392,-0.88696355,0.28133762,0.0,
-2.1668208,-0.88696355,0.28133762,9.0,
-2.075936,-0.9452207,0.14906918,91.0,
-2.0667727,-0.9591267,0.09280018,101.0,
-2.137017,-0.9126965,0.11695878,0.0,
-2.1649685,-0.9126965,0.11695878,8.0,
-2.1563196,-0.91630554,0.13567454,90.0,
-2.1498253,-0.9216709,0.12499506,101.0,
-2.1578355,-0.91647905,0.12506755,0.0,
-2.1292026,-0.91647905,0.12506755,9.0,
-2.1107516,-0.92552906,0.14443114,91.0,
-2.0852861,-0.9336276,0.20236494,99.0,
-2.111818,-0.9193178,0.19696215,0.0,
-2.1444619,-0.9193178,0.19696215,10.0,
-2.1260161,-0.9294236,0.20305003,92.0,
-2.1162508,-0.9375213,0.17543472,99.0,
-2.1191714,-0.93697023,0.16469142,0.0,
-2.0897934,-0.93697023,0.16469142,8.0,
-2.124102,-0.9161402,0.17828023,92.0,
-2.111889,-0.9228496,0.18142602,100.0,
-2.1028438,-0.9309796,0.15194562,0.0,
-2.2078447,-0.9309796,0.15194562,9.0,
-2.2265785,-0.9206742,0.12439317,90.0,
-2.2041795,-0.934359,0.13991345,100.0,
-2.2342453,-0.91264987,0.1672718,0.0,
-2.091055,-0.91264987,0.1672718,9.0,
-2.0983546,-0.90830964,0.16941361,91.0,
-2.0441723,-0.93873745,0.16461392,100.0,
-2.0222473,-0.95682526,0.12310522,0.0,
-2.0876951,-0.95682526,0.12310522,9.0,
-2.101956,-0.9473855,0.13266964,90.0,
-2.1234908,-0.9319161,0.16106804,101.0,
-2.1091845,-0.9397168,0.16433421,0.0,
-2.1767101,-0.9397168,0.16433421,8.0,
-2.197011,-0.92851055,0.14800708,92.0,
-2.1847177,-0.93586135,0.15073638,100.0,
-2.187379,-0.9335092,0.16218166,0.0,
-2.1205258,-0.9335092,0.16218166,9.0,
-2.1291416,-0.9282523,0.16571349,93.0,
-2.1366131,-0.9250735,0.15232737,98.0,
-2.1195369,-0.93705153,0.13347624,0.0,
-2.1301677,-0.93705153,0.13347624,8.0,
-2.1261318,-0.9395356,0.13383691,91.0,
-2.1131167,-0.9458617,0.14600179,101.0,
-2.1761074,-0.90770584,0.12794657,0.0,
-2.1741378,-0.90770584,0.12794657,8.0,
-2.1928604,-0.89591974,0.120839946,91.0,
-2.19466,-0.8943782,0.12520728,100.0,
-2.1597695,-0.9163462,0.13396926,0.0,
-2.1755085,-0.9163462,0.13396926,9.0,
-2.171758,-0.9192286,0.1315408,91.0,
-2.1890006,-0.9064501,0.1385088,101.0,
-2.142596,-0.9365946,0.1466529,0.0,
-2.1027815,-0.9365946,0.1466529,9.0,
-2.1422412,-0.91495216,0.12961668,91.0,
-2.1560402,-0.908219,0.10963209,101.0,
-2.1334424,-0.92377716,0.098883025,0.0,
-2.1951933,-0.92377716,0.098883025,8.0,
-2.1707375,-0.9408912,0.09168951,91.0,
-2.2025483,-0.9187681,0.09890413,100.0,
-2.2019498,-0.91857374,0.1050203,0.0,
-2.1482737,-0.91857374,0.1050203,8.0,
-2.1259,-0.93328685,0.093119785,92.0,
-2.1457815,-0.9207456,0.09798973,100.0,
-2.142775,-0.9232943,0.09085355,0.0,
-2.2197232,-0.9232943,0.09085355,9.0,
-2.2144384,-0.92647004,0.09511945,90.0,
-2.208136,-0.92965645,0.107628874,100.0,
-2.2164888,-0.9240217,0.11170116,0.0,
-2.245309,-0.9240217,0.11170116,9.0,
-2.227603,-0.9356146,0.10810766,91.0,
-2.239063,-0.92837745,0.10539526,100.0,
-2.2326171,-0.9325065,0.10624916,0.0,
-2.1932428,-0.9325065,0.10624916,9.0,
-2.196565,-0.93123025,0.09454333,91.0,
-2.2054532,-0.92611736,0.0873397,100.0,
-2.200042,-0.929067,0.09439706,0.0,
-2.2146683,-0.929067,0.09439706,9.0,
-2.2181048,-0.9267329,0.096056,91.0,
-2.2322984,-0.91680485,0.10805102,100.0,
-2.2219796,-0.9240895,0.09804967,0.0,
-2.2087078,-0.9240895,0.09804967,9.0,
-2.1929114,-0.934467,0.09192701,91.0,
-2.1978624,-0.9310431,0.09642687,101.0,
-2.2060173,-0.9262646,0.09091483,0.0,
-2.1621232,-0.9262646,0.09091483,8.0,
-2.1625533,-0.92657775,0.0853087,91.0,
-2.1749368,-0.9199249,0.07235578,100.0,
-2.156721,-0.9298691,0.08908355,0.0,
-2.1877172,-0.9298691,0.08908355,9.0,
-2.187722,-0.929971,0.08792914,91.0,
-2.1926718,-0.92688406,0.08670419,101.0,
-2.1875715,-0.92969805,0.09203139,0.0,
-2.27799,-0.92969805,0.09203139,9.0,
-2.2705588,-0.9344984,0.09366155,90.0,
-2.2963848,-0.91746885,0.10164714,101.0,
-2.2971628,-0.9169364,0.10009276,0.0,
-2.2226195,-0.9169364,0.10009276,9.0,
-2.2203279,-0.91990256,0.0842113,91.0,
-2.2100635,-0.9271087,0.08289595,101.0,
-2.200655,-0.9325099,0.09231944,0.0,
-2.2203498,-0.9325099,0.09231944,9.0,
-2.2146091,-0.9359709,0.09202004,90.0,
-2.2235613,-0.93072,0.08742668,101.0,
-2.2246115,-0.930191,0.08404941,0.0,
-2.12547,-0.930191,0.08404941,9.0,
-2.1144357,-0.9362568,0.0904812,91.0,
-2.138551,-0.92016953,0.09580385,100.0,
-2.1260142,-0.9278041,0.09870103,0.0,
-2.195745,-0.9278041,0.09870103,8.0,
-2.200932,-0.9243375,0.1017914,91.0,
-2.192847,-0.93098813,0.08085713,100.0,
-2.2091267,-0.91959983,0.09413338,0.0,
-2.26062,-0.91959983,0.09413338,9.0,
-2.2592893,-0.9203252,0.098147325,91.0,
-2.2224758,-0.94581276,0.08334261,100.0,
-2.2372818,-0.9354523,0.09227768,0.0,
-2.1372075,-0.9354523,0.09227768,9.0,
-2.1434464,-0.9287764,0.109235406,90.0,
-2.1435053,-0.9278266,0.11573567,100.0,
-2.1402168,-0.93056434,0.11158573,0.0,
-2.197035,-0.93056434,0.11158573,9.0,
-2.20356,-0.92804337,0.087885305,91.0,
-2.2067254,-0.9246773,0.10940404,100.0,
-2.2115762,-0.92216444,0.099665485,0.0,
-2.2295172,-0.92216444,0.099665485,9.0,
-2.224497,-0.9255976,0.09658553,91.0,
-2.235191,-0.9181154,0.106909364,101.0,
-2.233667,-0.9187096,0.116534755,0.0,
-2.208294,-0.9187096,0.116534755,9.0,
-2.206712,-0.919777,0.10903417,93.0,
-2.1970758,-0.92523617,0.11564333,98.0,
-2.203002,-0.9221713,0.10086361,0.0,
-2.1778293,-0.9221713,0.10086361,10.0,
-2.1608555,-0.9320451,0.10743057,91.0,
-2.1503437,-0.9388803,0.10159248,101.0,
-2.1682827,-0.92857563,0.09506552,0.0,
-2.1568398,-0.92857563,0.09506552,8.0,
-2.1589618,-0.9264948,0.10178839,91.0,
-2.1528013,-0.9302655,0.10284281,100.0,
-2.164376,-0.9211166,0.12188883,0.0,
-2.208003,-0.9211166,0.12188883,9.0,
-2.1996303,-0.92651594,0.124502726,91.0,
-2.1958802,-0.93047273,0.11068072,100.0,
-2.1925821,-0.93290836,0.10875077,0.0,
-2.2210128,-0.93290836,0.10875077,9.0,
-2.209676,-0.9399629,0.1096789,91.0,
-2.21983,-0.9324737,0.13260588,100.0,
-2.2239776,-0.9302811,0.123824365,0.0,
-2.1948867,-0.9302811,0.123824365,8.0,
-2.1971638,-0.9292728,0.117731944,92.0,
-2.1819053,-0.93903637,0.11352328,100.0,
-2.2014134,-0.92651504,0.11912655,0.0,
-2.1963193,-0.92651504,0.11912655,9.0,
-2.1920648,-0.9311312,0.104316525,91.0,
-2.2084868,-0.92037374,0.098619714,100.0,
-2.201535,-0.9246164,0.10413871,0.0,
-2.180169,-0.9246164,0.10413871,9.0,
-2.1726882,-0.9279157,0.11937771,92.0,
-2.1650958,-0.93101525,0.1368184,99.0,
-2.1842065,-0.92025644,0.122105084,0.0,
-2.1881962,-0.92025644,0.122105084,8.0,
-2.1861503,-0.9234155,0.10215152,91.0,
-2.1623797,-0.9375393,0.113199234,100.0,
-2.160109,-0.9382583,0.119755045,0.0,
-2.153607,-0.9382583,0.119755045,9.0,
-2.1859539,-0.91796815,0.12301309,91.0,
-2.195054,-0.91232246,0.12067074,100.0,
-2.1588717,-0.9355612,0.114563376,0.0,
-2.15302,-0.9355612,0.114563376,9.0,
-2.1496928,-0.9375947,0.11475955,91.0,
-2.1632116,-0.9281843,0.12498068,100.0,
-2.1453717,-0.93885195,0.1276068,0.0,
-2.1638076,-0.93885195,0.1276068,9.0,
-2.1736832,-0.9339996,0.11425231,90.0,
-2.182946,-0.92820823,0.11426073,100.0,
-2.1801348,-0.9295151,0.11975703,0.0,
-2.1753168,-0.9295151,0.11975703,10.0,
-2.1856077,-0.9229293,0.11727249,90.0,
-2.1804001,-0.92594796,0.1214676,100.0,
-2.1626341,-0.93624634,0.13276586,0.0,
-2.1993568,-0.93624634,0.13276586,9.0,
-2.1850038,-0.9457045,0.123509705,90.0,
-2.1706195,-0.9536407,0.13167034,101.0,
-2.1961832,-0.93831193,0.13105965,0.0,
-2.1080186,-0.93831193,0.13105965,8.0,
-2.1152987,-0.9340409,0.13025294,90.0,
-2.102746,-0.9422587,0.12509257,100.0,
-2.1040804,-0.93895125,0.14437668,0.0,
-2.1671042,-0.93895125,0.14437668,9.0,
-2.179106,-0.9318353,0.14440048,91.0,
-2.1628335,-0.9425856,0.13023879,100.0,
-2.1520052,-0.94896924,0.13007301,0.0,
-2.1129649,-0.94896924,0.13007301,9.0,
-2.1321392,-0.93708295,0.13811497,91.0,
-2.1506681,-0.926452,0.13480021,99.0,
-2.1399105,-0.9331804,0.13124223,0.0,
-2.144237,-0.9331804,0.13124223,9.0,
-2.1278763,-0.94386655,0.120484754,91.0,
-2.146024,-0.931641,0.13673428,100.0,
-2.1418643,-0.9343148,0.13415477,0.0,
-2.210231,-0.9343148,0.13415477,9.0,
-2.193985,-0.94529736,0.122776926,91.0,
-2.185052,-0.95100886,0.12040874,100.0,
-2.2051156,-0.9383684,0.12226172,0.0,
-2.124164,-0.9383684,0.12226172,9.0,
-2.1521428,-0.9226654,0.11958751,92.0,
-2.1438208,-0.926891,0.1279097,99.0,
-2.1288218,-0.93500245,0.13212934,0.0,
-2.1379635,-0.93500245,0.13212934,9.0,
-2.1368408,-0.93550944,0.13369668,91.0,
-2.1011426,-0.95666385,0.13488929,102.0,
-2.1210248,-0.945785,0.12821539,0.0,
-2.0468128,-0.945785,0.12821539,8.0,
-2.0604503,-0.9382444,0.13004968,91.0,
-2.0466995,-0.9471494,0.11842177,100.0,
-2.061229,-0.9380727,0.12798469,0.0,
-2.1294327,-0.9380727,0.12798469,9.0,
-2.131665,-0.93550855,0.13777414,91.0,
-2.1332989,-0.93417263,0.14067349,100.0,
-2.1421742,-0.9296063,0.13282034,0.0,
-2.0587263,-0.9296063,0.13282034,18.0,
-2.070114,-0.9252118,0.11717782,82.0,
-2.0239928,-0.94881594,0.13433969,100.0,
-2.0251906,-0.9443971,0.1588439,0.0,
-2.0775077,-0.9443971,0.1588439,9.0,
-2.0663295,-0.95080423,0.1573674,90.0,
-2.0845108,-0.9408629,0.15563105,100.0,
-2.0876102,-0.9388444,0.15775777,0.0,
-2.0460198,-0.9388444,0.15775777,9.0,
-2.0470445,-0.9385027,0.15618654,91.0,
-2.0767386,-0.9228044,0.14608763,101.0,
-2.0710196,-0.92912114,0.12610132,0.0,
-2.0892823,-0.92912114,0.12610132,8.0,
-2.0739615,-0.9381189,0.12653269,90.0,
-2.085746,-0.927549,0.15434,101.0,
-2.0767012,-0.93344367,0.14879535,0.0,
-2.0566037,-0.93344367,0.14879535,9.0,
-2.0323884,-0.94693255,0.14929524,91.0,
-2.0432935,-0.9446132,0.12565197,101.0,
-2.04849,-0.9399751,0.13599348,0.0,
-2.0841873,-0.9399751,0.13599348,9.0,
-2.0672948,-0.94796306,0.1475684,91.0,
-2.0995016,-0.9304194,0.14185861,100.0,
-2.12582,-0.91875,0.106534615,0.0,
-2.1630964,-0.91875,0.106534615,9.0,
-2.109611,-0.95427257,0.10755706,91.0,
-2.107576,-0.95250416,0.12528972,100.0,
-2.0902236,-0.958271,0.15505433,0.0,
-2.0599177,-0.958271,0.15505433,9.0,
-2.0399883,-0.97324985,0.13392387,90.0,
-2.0632498,-0.9662323,0.098825656,102.0,
-2.071344,-0.95998496,0.105922,0.0,
-2.0315506,-0.95998496,0.105922,9.0,
-2.0451875,-0.9485879,0.1227674,90.0,
-2.0785248,-0.92666686,0.1332153,101.0,
-2.0981913,-0.9157452,0.124354355,0.0,
-2.0819843,-0.9157452,0.124354355,9.0,
-2.0761163,-0.9162929,0.14462666,90.0,
-2.07201,-0.91560805,0.16687687,100.0,
-2.0652385,-0.9196687,0.16641033,0.0,
-2.0885434,-0.9196687,0.16641033,9.0,
-2.0878246,-0.9223602,0.14607191,91.0,
-2.068738,-0.9342664,0.13880032,100.0,
-2.0516624,-0.9446772,0.13366368,0.0,
-2.0585625,-0.9446772,0.13366368,8.0,
-2.0491514,-0.9525677,0.12039362,92.0,
-2.0627103,-0.94120985,0.13985838,99.0,
-2.042019,-0.9506943,0.15502733,0.0,
-2.0956345,-0.9506943,0.15502733,8.0,
-2.1248243,-0.9326638,0.16711259,91.0,
-2.1339724,-0.9297552,0.142464,101.0,
-2.1581936,-0.9144972,0.14674892,0.0,
-2.1250718,-0.9144972,0.14674892,9.0,
-2.1219008,-0.91608244,0.14998661,91.0,
-2.0542293,-0.95411354,0.15823574,100.0,
-2.0777845,-0.94119006,0.15644005,0.0,
-2.0585139,-0.94119006,0.15644005,9.0,
-2.0554955,-0.9437986,0.14893845,91.0,
-2.0791714,-0.9289285,0.1648526,100.0,
-2.060522,-0.9388771,0.16651374,0.0,
-2.0681298,-0.9388771,0.16651374,11.0,
-2.0664983,-0.9440998,0.13728203,89.0,
-2.1106002,-0.9197897,0.12067831,101.0,
-2.0849085,-0.93533206,0.12307549,0.0,
-2.0606487,-0.93533206,0.12307549,9.0,
-2.0629528,-0.9312665,0.1410812,91.0,
-2.083453,-0.91893923,0.14344214,100.0,
-2.0717714,-0.92672116,0.13688444,0.0,
-2.1355488,-0.92672116,0.13688444,9.0,
-2.1369584,-0.9272953,0.12635222,92.0,
-2.0693245,-0.9659262,0.14762646,99.0,
-2.064896,-0.9638313,0.17556976,0.0,
-2.0009892,-0.9638313,0.17556976,8.0,
-2.0295262,-0.9422443,0.214393,91.0,
-2.0629652,-0.925489,0.20292984,101.0,
-2.0589533,-0.9312675,0.17710367,0.0,
-2.101968,-0.9312675,0.17710367,8.0,
-2.1027164,-0.9353611,0.13946305,91.0,
-2.1489267,-0.90384275,0.17259458,100.0,
-2.1447601,-0.90562034,0.18238817,0.0,
-2.1361036,-0.90562034,0.18238817,9.0,
-2.0972934,-0.93073356,0.18020958,91.0,
-2.0844,-0.93963176,0.17448564,100.0,
-2.1132252,-0.92205805,0.17084453,0.0,
-2.1366434,-0.92205805,0.17084453,9.0,
-2.1215127,-0.9311173,0.17432094,91.0,
-2.1178324,-0.93190575,0.18579848,102.0,
-2.1216977,-0.9294638,0.186451,0.0,
-2.064596,-0.9294638,0.186451,8.0,
-2.0588667,-0.9347887,0.17593521,90.0,
-2.0681129,-0.92869663,0.17819609,101.0,
-2.0705435,-0.92581034,0.18649136,0.0,
-2.126528,-0.92581034,0.18649136,9.0,
-2.1147103,-0.93203497,0.19374229,90.0,
-2.1251276,-0.9274728,0.17899625,100.0,
-2.1348302,-0.9220722,0.17430057,0.0,
-2.11524,-0.9220722,0.17430057,9.0,
-2.0891743,-0.93709606,0.18176682,91.0,
-2.1259544,-0.91358745,0.18767808,100.0,
-2.0993333,-0.92906433,0.1951543,0.0,
-2.0632243,-0.92906433,0.1951543,9.0,
-2.0494375,-0.936792,0.19520141,91.0,
-2.048208,-0.94058573,0.17423005,100.0,
-2.0440042,-0.94376385,0.16925515,0.0,
-2.0449193,-0.94376385,0.16925515,9.0,
-2.0598059,-0.93445885,0.1748519,91.0,
-2.0762324,-0.92440677,0.17914559,101.0,
-2.0712376,-0.9282351,0.17223553,0.0,
-2.0128908,-0.9282351,0.17223553,7.0,
-2.0254726,-0.92084086,0.17236805,91.0,
-2.0122836,-0.92707115,0.18067318,100.0,
-2.0197048,-0.9227713,0.18072328,0.0,
-2.071224,-0.9227713,0.18072328,9.0,
-2.0632074,-0.92673296,0.18518561,91.0,
-2.0547516,-0.93171495,0.18303098,101.0,
-2.0619824,-0.9273208,0.18595394,0.0,
-2.1141741,-0.9273208,0.18595394,9.0,
-2.12299,-0.9231878,0.17562547,91.0,
-2.1194248,-0.9251859,0.17713317,102.0,
-2.1114745,-0.9294972,0.18120374,0.0,
-2.0430803,-0.9294972,0.18120374,7.0,
-2.0499356,-0.92417794,0.19424869,91.0,
-2.0939121,-0.8996684,0.196249,101.0,
-2.0439136,-0.93145895,0.16328545,0.0,
-2.137294,-0.93145895,0.16328545,9.0,
-2.1416278,-0.9301372,0.15287906,91.0,
-2.1514869,-0.92074865,0.17317967,100.0,
-2.1341689,-0.9289498,0.19646016,0.0,
-2.1437283,-0.9289498,0.19646016,9.0,
-2.1692924,-0.9143245,0.1861841,91.0,
-2.1619859,-0.9198127,0.1744001,101.0,
-2.1563683,-0.924398,0.16268721,0.0,
-2.1382139,-0.924398,0.16268721,9.0,
-2.147898,-0.91687757,0.18317887,90.0,
-2.1413634,-0.9201463,0.19083704,101.0,
-2.1201656,-0.9337349,0.17579381,0.0,
-2.1275346,-0.9337349,0.17579381,9.0,
-2.1395955,-0.9276774,0.16587204,90.0,
-2.1420364,-0.9256355,0.17487289,99.0,
-2.1361663,-0.92914176,0.17242675,0.0,
-2.0678098,-0.92914176,0.17242675,10.0,
-2.0763333,-0.9243879,0.16976686,90.0,
-2.086287,-0.9181449,0.17062816,101.0,
-2.060868,-0.93350166,0.17122217,0.0,
-2.1062698,-0.93350166,0.17122217,8.0,
-2.1108682,-0.9297266,0.18457991,91.0,
-2.13111,-0.91835004,0.18471271,100.0,
-2.1139462,-0.9286135,0.17761226,0.0,
-2.1386046,-0.9286135,0.17761226,9.0,
-2.135494,-0.93104464,0.17099136,91.0,
-2.1422532,-0.92679405,0.17383239,100.0,
-2.1552572,-0.9187616,0.17708427,0.0,
-2.079855,-0.9187616,0.17708427,10.0,
-2.063123,-0.92888457,0.17768306,123.0,
-2.0747786,-0.92342377,0.16738348,0.0,
-2.1042132,-0.92342377,0.16738348,76.0,
-2.095033,-0.92763954,0.17768307,57.0,
-2.1079373,-0.9208052,0.16910008,0.0,
-2.086182,-0.93299526,0.17829755,134.0,
-2.0931373,-0.9278965,0.18386437,0.0,
-2.0878818,-0.9278965,0.18386437,9.0,
-2.1115968,-0.91292834,0.18742995,124.0,
-2.0839205,-0.92961097,0.18854512,0.0,
-2.0858698,-0.92961097,0.18854512,76.0,
-2.0778215,-0.93515426,0.18362316,57.0,
-2.0708807,-0.9382262,0.1905169,0.0,
-2.0806084,-0.9321698,0.1926183,134.0,
-2.0929394,-0.9265697,0.17985445,0.0,
-2.1014192,-0.9265697,0.17985445,8.0,
-2.0962207,-0.929134,0.18386437,124.0,
-2.0981975,-0.9275912,0.18725272,0.0,
-2.0832667,-0.9357664,0.1905169,68.0,
-2.0374703,-0.9357664,0.1905169,7.0,
-2.0509386,-0.9277042,0.20139973,141.0,
-2.0553193,-0.9256738,0.19907598,0.0,
-2.1449227,-0.9256738,0.19907598,60.0,
-2.1335962,-0.93455434,0.18112421,41.0,
-2.1397958,-0.9309154,0.17957509,0.0,
-2.1573546,-0.9204609,0.17420383,150.0,
-2.1497076,-0.9257245,0.17064041,0.0,
-2.1356196,-0.9257245,0.17064041,9.0,
-2.1404567,-0.9228789,0.16890667,91.0,
-2.1336887,-0.92553467,0.18244447,100.0,
-2.1314454,-0.9278377,0.17473838,0.0,
-2.1173038,-0.9278377,0.17473838,9.0,
-2.1356046,-0.91657025,0.17672597,91.0,
-2.1239865,-0.92485297,0.16556188,100.0,
-2.1150203,-0.93011975,0.16688323,0.0,
-2.072075,-0.93011975,0.16688323,9.0,
-2.0738826,-0.92898643,0.16745174,91.0,
-2.0749245,-0.92710406,0.17692812,100.0,
-2.0729194,-0.9268386,0.1879387,0.0,
-2.116301,-0.9268386,0.1879387,11.0,
-2.1087182,-0.93138397,0.18801913,89.0,
-2.0927382,-0.9403976,0.19129394,101.0,
-2.1087809,-0.9314164,0.18745513,0.0,
-2.0398796,-0.9314164,0.18745513,8.0,
-2.0525706,-0.9255461,0.17825712,91.0,
-2.0809183,-0.9088744,0.17853683,100.0,
-2.0260198,-0.94385344,0.1592588,0.0,
-2.0847147,-0.94385344,0.1592588,9.0,
-2.094556,-0.9379402,0.16495891,91.0,
-2.1172287,-0.92411035,0.18226747,100.0,
-2.111778,-0.92561173,0.20387149,0.0,
-2.1070445,-0.92561173,0.20387149,9.0,
-2.188468,-0.8800031,0.1768232,91.0,
-2.1684518,-0.8932444,0.15691422,100.0,
-2.2174244,-0.8617371,0.15734585,0.0,
-2.1156187,-0.8617371,0.15734585,8.0,
-2.1117797,-0.8638802,0.15944572,91.0,
-2.104225,-0.8690917,0.14693315,100.0,
-2.1051002,-0.86866105,0.14568672,0.0,
-2.1559796,-0.86866105,0.14568672,9.0,
-2.1559594,-0.8684413,0.14957747,91.0,
-2.1566749,-0.8671822,0.16469659,100.0,
-2.1613345,-0.86472726,0.15477619,0.0,
-2.1440868,-0.86472726,0.15477619,8.0,
-2.1385314,-0.86826855,0.14289287,92.0,
-2.164137,-0.853008,0.14868039,100.0,
-2.146903,-0.8635088,0.13757019,0.0,
-2.2105916,-0.8635088,0.13757019,9.0,
-2.1969247,-0.87264675,0.13382801,90.0,
-2.222942,-0.85566586,0.11424963,100.0,
-2.2272933,-0.8528872,0.10414862,0.0,
-2.096767,-0.8528872,0.10414862,9.0,
-2.1203685,-0.8421015,0.049247358,91.0,
-2.1474352,-0.82403207,0.050270416,100.0,
-2.1616495,-0.81379163,0.062951125,0.0,
-2.1962595,-0.81379163,0.062951125,11.0,
-2.1875226,-0.82031375,0.040835116,89.0,
-2.1288936,-0.85933214,0.04513359,101.0,
-2.15692,-0.8391566,0.09735889,0.0,
-2.099598,-0.8391566,0.09735889,10.0,
-2.0962014,-0.8388703,0.13910349,89.0,
-2.1197248,-0.82570547,0.11734597,100.0,
-2.1189017,-0.8279133,0.083269015,0.0,
-2.1836174,-0.8279133,0.083269015,9.0,
-2.1741407,-0.83469856,0.076941416,91.0,
-2.1638505,-0.8411423,0.08798181,101.0,
-2.2070043,-0.81128776,0.107076615,0.0,
-2.10973,-0.81128776,0.107076615,9.0,
-2.08998,-0.82370824,0.10457012,91.0,
-2.0704622,-0.8353144,0.10775426,101.0,
-2.092107,-0.82146966,0.12126058,0.0,
-2.1062615,-0.82146966,0.12126058,10.0,
-2.112646,-0.81732553,0.12787846,89.0,
-2.1085694,-0.8199388,0.12430662,100.0,
-2.0820496,-0.83718115,0.10400418,0.0,
-2.1510923,-0.83718115,0.10400418,9.0,
-2.1601813,-0.83125615,0.10686044,92.0,
-2.1418126,-0.84208596,0.13297254,99.0,
-2.149378,-0.8376128,0.12613057,0.0,
-2.1310534,-0.8376128,0.12613057,9.0,
-2.1193986,-0.8459803,0.10839377,90.0,
-2.1271982,-0.8404447,0.11824452,102.0,
-2.145941,-0.82788974,0.13451645,0.0,
-2.115213,-0.82788974,0.13451645,9.0,
-2.103464,-0.8346053,0.14286758,90.0,
-2.1060615,-0.8331052,0.14185038,101.0,
-2.1079097,-0.83222836,0.13650803,0.0,
-2.053205,-0.83222836,0.13650803,8.0,
-2.0557153,-0.83225006,0.12046221,91.0,
-2.0580947,-0.8299943,0.12863569,100.0,
-2.0485637,-0.83597904,0.12676823,0.0,
-2.14002,-0.83597904,0.12676823,9.0,
-2.139413,-0.83627754,0.13123572,91.0,
-2.1342714,-0.83908874,0.15490311,101.0,
-2.1524062,-0.8284795,0.13914853,0.0,
-2.0830812,-0.8284795,0.13914853,10.0,
-2.0910366,-0.8237187,0.13731164,89.0,
-2.0958774,-0.82090867,0.13419211,100.0,
-2.0922692,-0.8229931,0.13673477,0.0,
-2.1860902,-0.8229931,0.13673477,9.0,
-2.1998634,-0.814238,0.14349264,91.0,
-2.1850085,-0.82369614,0.13776618,101.0,
-2.1684477,-0.8341775,0.13096917,0.0,
-2.1188896,-0.8341775,0.13096917,9.0,
-2.1547399,-0.80956507,0.15079883,91.0,
-2.126998,-0.8276528,0.15211733,99.0,
-2.1072438,-0.84088135,0.14138477,0.0,
-2.1239753,-0.84088135,0.14138477,10.0,
-2.1538253,-0.82347846,0.11186776,90.0,
-2.1555572,-0.822469,0.12505147,100.0,
-2.145436,-0.82855695,0.13487698,0.0,
-2.1185505,-0.82855695,0.13487698,9.0,
-2.1060324,-0.83581287,0.14046831,90.0,
-2.107732,-0.8349346,0.13727191,101.0,
-2.0991714,-0.8396446,0.14478403,0.0,
-2.1234212,-0.8396446,0.14478403,8.0,
-2.1102138,-0.8478344,0.14897968,90.0,
-2.096109,-0.8570431,0.14572138,100.0,
-2.1085403,-0.8485374,0.15341556,0.0,
-2.1056933,-0.8485374,0.15341556,10.0,
-2.1034124,-0.8502964,0.14737336,90.0,
-2.0996044,-0.85192245,0.15762429,100.0,
-2.0889049,-0.8579067,0.16238222,0.0,
-2.0602489,-0.8579067,0.16238222,9.0,
-2.0731654,-0.850126,0.17487878,91.0,
-2.0610979,-0.85734195,0.16391939,101.0,
-2.0743384,-0.8537033,0.11204998,0.0,
-2.1146173,-0.8537033,0.11204998,9.0,
-2.1015682,-0.8643551,0.08081505,90.0,
-2.1056612,-0.8598578,0.10307746,100.0,
-2.1127548,-0.85437095,0.11935887,0.0,
-2.104175,-0.85437095,0.11935887,9.0,
-2.098193,-0.85842365,0.1177606,91.0,
-2.1110413,-0.85143673,0.10424528,100.0,
-2.1188197,-0.8464836,0.1015124,0.0,
-2.084343,-0.8464836,0.1015124,9.0,
-2.0782225,-0.85001475,0.10471375,92.0,
-2.092114,-0.8412447,0.10451862,100.0,
-2.088783,-0.84489924,0.08935591,0.0,
-2.1192713,-0.84489924,0.08935591,9.0,
-2.0999894,-0.85892063,0.07753262,93.0,
-2.071162,-0.87913406,0.0663862,98.0,
-2.1069243,-0.85131884,0.10735093,0.0,
-2.1185002,-0.85131884,0.10735093,10.0,
-2.1218357,-0.85015744,0.0970086,90.0,
-2.1207888,-0.8492342,0.112727016,101.0,
-2.1138818,-0.8578977,0.07792104,0.0,
-2.1204078,-0.8578977,0.07792104,9.0,
-2.099285,-0.8694739,0.0977538,91.0,
-2.1089406,-0.8641892,0.089594804,100.0,
-2.0910668,-0.873966,0.10356288,0.0,
-2.067006,-0.873966,0.10356288,9.0,
-2.074267,-0.86784214,0.12063766,91.0,
-2.1103487,-0.84412766,0.15149876,101.0,
-2.1162293,-0.84100264,0.142881,0.0,
-2.0806165,-0.84100264,0.142881,10.0,
-2.0568757,-0.8553182,0.13119893,89.0,
-2.042332,-0.8642094,0.12346138,100.0,
-2.054894,-0.8596529,0.09674926,0.0,
-2.0323045,-0.8596529,0.09674926,9.0,
-2.0362782,-0.85415196,0.12167572,92.0,
-2.0464275,-0.8443034,0.16223016,100.0,
-2.0226567,-0.86009204,0.13868786,0.0,
-1.9675554,-0.86009204,0.13868786,9.0,
-1.9739892,-0.8600097,0.11411941,92.0,
-1.9563996,-0.86562055,0.1418444,100.0,
-1.9975092,-0.8419703,0.15511608,0.0,
-2.0204313,-0.8419703,0.15511608,11.0,
-2.0382178,-0.83170986,0.14761081,88.0,
-2.0185077,-0.84740555,0.12828843,100.0,
-2.0405633,-0.8322405,0.13308662,0.0,
-2.1074607,-0.8322405,0.13308662,10.0,
-2.1054454,-0.83258915,0.14897363,90.0,
-2.1151562,-0.82659775,0.14987873,101.0,
-2.060824,-0.86321104,0.10706836,0.0,
-2.0777395,-0.86321104,0.10706836,9.0,
-2.0509384,-0.8833331,0.08754046,90.0,
-2.0616043,-0.87485045,0.09810652,100.0,
-2.0786757,-0.8630075,0.103994004,0.0,
-2.1246676,-0.8630075,0.103994004,10.0,
-2.129773,-0.8591419,0.11263532,90.0,
-2.134,-0.85543835,0.12970169,100.0,
-2.154086,-0.8434287,0.114689276,0.0,
-2.168982,-0.8434287,0.114689276,9.0,
-2.1628876,-0.8481072,0.10269514,91.0,
-2.1312995,-0.8682416,0.10911686,100.0,
-2.1389947,-0.86311734,0.1122309,0.0,
-2.1264615,-0.86311734,0.1122309,9.0,
-2.1199012,-0.86676645,0.118215345,91.0,
-2.1200047,-0.8669146,0.11550338,100.0,
-2.1098454,-0.872726,0.121114634,0.0,
-2.0826395,-0.872726,0.121114634,10.0,
-2.085066,-0.871404,0.11940296,89.0,
-2.1107454,-0.85557985,0.113062374,100.0,
-2.1083732,-0.85718274,0.112624265,0.0,
-2.1405709,-0.85718274,0.112624265,9.0,
-2.13242,-0.8617956,0.12092382,91.0,
-2.1445565,-0.8540778,0.12279837,101.0,
-2.1221993,-0.86759526,0.12847798,0.0,
-2.1015,-0.86759526,0.12847798,9.0,
-2.1113653,-0.86153054,0.12741654,90.0,
-2.094284,-0.8710487,0.13894677,101.0,
-2.1063442,-0.8646803,0.12739356,0.0,
-2.1264381,-0.8646803,0.12739356,10.0,
-2.1264622,-0.8653759,0.11809215,90.0,
-2.1327853,-0.8618924,0.11109243,101.0,
-2.123234,-0.8674649,0.11748624,0.0,
-2.0802011,-0.8674649,0.11748624,9.0,
-2.0970812,-0.85659707,0.11966373,92.0,
-2.0787387,-0.8680879,0.119998954,100.0,
-2.082266,-0.8678683,0.10311806,0.0,
-2.156642,-0.8678683,0.10311806,9.0,
-2.1654856,-0.8622231,0.10439726,91.0,
-2.1602378,-0.86465806,0.12695616,100.0,
-2.175753,-0.85486865,0.13742378,0.0,
-2.1650605,-0.85486865,0.13742378,10.0,
-2.15154,-0.8642543,0.119971395,90.0,
-2.1526463,-0.8643386,0.10694082,100.0,
-2.1618514,-0.8576422,0.120215446,0.0,
-2.1417923,-0.8576422,0.120215446,9.0,
-2.124495,-0.8674411,0.13551353,90.0,
-2.1438248,-0.8558932,0.12841113,100.0,
-2.1342702,-0.86298156,0.11164191,0.0,
-2.1340287,-0.86298156,0.11164191,9.0,
-2.139201,-0.85959744,0.1109347,92.0,
-2.1511557,-0.8506173,0.12265462,99.0,
-2.1326888,-0.8627876,0.123536944,0.0,
-2.0947475,-0.8627876,0.123536944,10.0,
-2.0888526,-0.8667426,0.11489714,89.0,
-2.1016343,-0.8598617,0.10626081,101.0,
-2.1055653,-0.85690224,0.11671807,0.0,
-2.1937995,-0.85690224,0.11671807,8.0,
-2.1729715,-0.8704515,0.11949224,91.0,
-2.183094,-0.86355084,0.12789758,100.0,
-2.201439,-0.8514336,0.13044226,0.0,
-2.170562,-0.8514336,0.13044226,10.0,
-2.1539135,-0.8617706,0.12486595,90.0,
-2.1584926,-0.85896707,0.12527002,101.0,
-2.160568,-0.85791373,0.11764662,0.0,
-2.1275005,-0.85791373,0.11764662,10.0,
-2.1293347,-0.85644,0.12537992,89.0,
-2.132801,-0.85409784,0.13181117,99.0,
-2.129498,-0.85595095,0.1348472,0.0,
-2.132255,-0.85595095,0.1348472,9.0,
-2.1328642,-0.8553739,0.13955899,91.0,
-2.109769,-0.870502,0.11854335,100.0,
-2.1103396,-0.8704123,0.11514829,0.0,
-2.1144805,-0.8704123,0.11514829,8.0,
-2.13227,-0.8578145,0.12823565,91.0,
-2.1200023,-0.866028,0.12419278,100.0,
-2.1170382,-0.8684218,0.11877899,0.0,
-2.1017141,-0.8684218,0.11877899,9.0,
-2.1062148,-0.8654221,0.12146125,90.0,
-2.1039348,-0.86645705,0.12580024,102.0,
-2.1158032,-0.8587417,0.13151984,0.0,
-2.1470761,-0.8587417,0.13151984,8.0,
-2.1480172,-0.85813904,0.13135509,91.0,
-2.1303117,-0.86975676,0.12881923,100.0,
-2.13718,-0.865394,0.12829784,0.0,
-2.0770116,-0.865394,0.12829784,9.0,
-2.051509,-0.87912154,0.137199,90.0,
-2.0774345,-0.8650322,0.1296878,100.0,
-2.0797596,-0.8635668,0.1310771,0.0,
-2.1371176,-0.8635668,0.1310771,9.0,
-2.1523025,-0.85437393,0.122403175,91.0,
-2.1384106,-0.863171,0.12485848,102.0,
-2.154771,-0.8525366,0.12632692,0.0,
-2.1267729,-0.8525366,0.12632692,8.0,
-2.107197,-0.86489,0.12428778,91.0,
-2.0869336,-0.8774358,0.1218952,100.0,
-2.117176,-0.8583503,0.12909384,0.0,
-2.060466,-0.8583503,0.12909384,9.0,
-2.0546975,-0.8629218,0.11855694,91.0,
-2.0547686,-0.8623189,0.12359619,101.0,
-2.056562,-0.8619028,0.117682286,0.0,
-2.152233,-0.8619028,0.117682286,8.0,
-2.1678977,-0.85178804,0.11277868,91.0,
-2.155593,-0.85900295,0.1284078,100.0,
-2.1561806,-0.858159,0.13641329,0.0,
-2.121732,-0.858159,0.13641329,9.0,
-2.1245785,-0.857074,0.12427799,91.0,
-2.1111996,-0.8653305,0.12118402,100.0,
-2.1168225,-0.8619985,0.120425,0.0,
-2.1503732,-0.8619985,0.120425,10.0,
-2.1512945,-0.86159736,0.11686997,89.0,
-2.131053,-0.87468445,0.10914579,101.0,
-2.1449528,-0.86484843,0.13102041,0.0,
-2.0822992,-0.86484843,0.13102041,9.0,
-2.0667577,-0.8743407,0.1344627,91.0,
-2.0700235,-0.8728848,0.12998699,101.0,
-2.080364,-0.8669962,0.12428133,0.0,
-2.1598535,-0.8669962,0.12428133,9.0,
-2.1737063,-0.8583045,0.12503536,91.0,
-2.1788878,-0.8549366,0.12850863,100.0,
-2.1816235,-0.8532323,0.12677908,0.0,
-2.1251817,-0.8532323,0.12677908,9.0,
-2.1327636,-0.8485537,0.12500456,90.0,
-2.1221325,-0.8554354,0.122574344,101.0,
-2.115674,-0.8596319,0.12053989,0.0,
-2.092107,-0.8596319,0.12053989,8.0,
-2.0977666,-0.8560829,0.12099444,90.0,
-2.074768,-0.8693013,0.12944986,101.0,
-2.075964,-0.8699521,0.116297714,0.0,
-2.1340241,-0.8699521,0.116297714,9.0,
-2.132496,-0.86909604,0.13919519,91.0,
-2.1749644,-0.8415019,0.14152062,101.0,
-2.1446514,-0.86225975,0.12651803,0.0,
-2.171553,-0.86225975,0.12651803,9.0,
-2.189319,-0.85082173,0.118586615,90.0,
-2.190183,-0.8501986,0.11960125,101.0,
-2.1775277,-0.8586307,0.12040724,0.0,
-2.1367586,-0.8586307,0.12040724,10.0,
-2.1234884,-0.866796,0.12466287,89.0,
-2.1169424,-0.8714132,0.11921102,102.0,
-2.1362567,-0.8591174,0.11831134,0.0,
-2.1757193,-0.8591174,0.11831134,7.0,
-2.1701763,-0.86303866,0.11178696,91.0,
-2.1789656,-0.85640836,0.13531964,100.0,
-2.174312,-0.8598972,0.121534325,0.0,
-2.1326802,-0.8598972,0.121534325,9.0,
-2.1312978,-0.86129665,0.11592462,91.0,
-2.138654,-0.8558173,0.12342305,100.0,
-2.1388752,-0.8551823,0.12977019,0.0,
-2.1550136,-0.8551823,0.12977019,9.0,
-2.1584754,-0.852939,0.12881075,91.0,
-2.141087,-0.8646935,0.12531833,99.0,
-2.1377144,-0.86684704,0.12587489,0.0,
-2.119794,-0.86684704,0.12587489,10.0,
-2.13857,-0.85500926,0.123268895,92.0,
-2.122881,-0.8648152,0.12679915,99.0,
-2.1225743,-0.8657561,0.11810996,0.0,
-2.1066463,-0.8657561,0.11810996,9.0,
-2.0911365,-0.87218815,0.15330462,91.0,
-2.1207724,-0.8542423,0.1608785,101.0,
-2.1296833,-0.84924716,0.15248361,0.0,
-2.0971818,-0.84924716,0.15248361,9.0,
-2.041259,-0.88151693,0.15032497,91.0,
-2.0516844,-0.877222,0.13537754,101.0,
-2.0673103,-0.8670097,0.14814831,0.0,
-2.138074,-0.8670097,0.14814831,9.0,
-2.1430478,-0.8648405,0.1340017,91.0,
-2.1247387,-0.8768348,0.13038822,99.0,
-2.146504,-0.8624348,0.13637644,0.0,
-2.0921888,-0.8624348,0.13637644,9.0,
-2.0992906,-0.8575875,0.13657711,90.0,
-2.0927293,-0.8622641,0.13498034,100.0,
-2.1031277,-0.85689276,0.12236654,0.0,
-2.1513934,-0.85689276,0.12236654,9.0,
-2.1316617,-0.86860245,0.12798063,91.0,
-2.144492,-0.86042696,0.14194825,100.0,
-2.1259894,-0.8715127,0.13701025,0.0,
-2.0936692,-0.8715127,0.13701025,9.0,
-2.102768,-0.8663874,0.13259938,91.0,
-2.1059802,-0.8646219,0.13017927,101.0,
-2.0876334,-0.874952,0.13881542,0.0,
-2.0997643,-0.874952,0.13881542,8.0,
-2.1193397,-0.8634717,0.13934347,91.0,
-2.1257865,-0.8610716,0.11384761,100.0,
-2.105593,-0.87261564,0.12368478,0.0,
-2.1457806,-0.87261564,0.12368478,9.0,
-2.1663818,-0.85812515,0.147502,90.0,
-2.166823,-0.8582613,0.1378111,101.0,
-2.150019,-0.8696832,0.1269478,0.0,
-2.1174595,-0.8696832,0.1269478,10.0,
-2.1274981,-0.8623569,0.13734485,90.0,
-2.123443,-0.863897,0.15051292,101.0,
-2.1289346,-0.8616201,0.13506682,0.0,
-2.1278498,-0.8616201,0.13506682,8.0,
-2.1172595,-0.8683733,0.12632756,91.0,
-2.1345875,-0.8580726,0.12417252,100.0,
-2.1350367,-0.85819036,0.1163072,0.0,
-2.110474,-0.85819036,0.1163072,9.0,
-2.1041932,-0.861849,0.11963062,91.0,
-2.1057742,-0.86058766,0.12270128,100.0,
-2.0966916,-0.86459553,0.1412064,0.0,
-2.0851579,-0.86459553,0.1412064,8.0,
-2.0965517,-0.8582823,0.13759598,91.0,
-2.0872188,-0.86374533,0.13629438,100.0,
-2.0577066,-0.88195133,0.11952092,0.0,
-2.1475093,-0.88195133,0.11952092,9.0,
-2.1517642,-0.8785329,0.1311661,91.0,
-2.1624877,-0.8707207,0.15593174,101.0,
-2.1579728,-0.87305015,0.16795862,0.0,
-2.0924847,-0.87305015,0.16795862,8.0,
-2.0830376,-0.8783235,0.16435528,91.0,
-2.09213,-0.8735462,0.16155821,100.0,
-2.08964,-0.8748901,0.16180336,0.0,
-2.1004257,-0.8748901,0.16180336,8.0,
-2.1068914,-0.8717259,0.15297417,92.0,
-2.1000185,-0.8759928,0.1514791,100.0,
-2.1206253,-0.8646271,0.13597511,0.0,
-2.1194015,-0.8646271,0.13597511,9.0,
-2.1083267,-0.87129384,0.13977127,91.0,
-2.0839503,-0.88473135,0.1545132,101.0,
-2.110973,-0.86775917,0.16113786,0.0,
-2.0682626,-0.86775917,0.16113786,8.0,
-2.0624862,-0.8729128,0.14131977,91.0,
-2.057766,-0.8760233,0.13774791,100.0,
-2.0642545,-0.87072873,0.15340292,0.0,
-2.1071532,-0.87072873,0.15340292,9.0,
-2.103323,-0.8733393,0.15189809,91.0,
-2.1198614,-0.8635081,0.14355962,100.0,
-2.1097324,-0.87060976,0.13936025,0.0,
-2.0707397,-0.87060976,0.13936025,9.0,
-2.0732896,-0.8695113,0.1351932,91.0,
-2.0844498,-0.86304206,0.13331775,100.0,
-2.058348,-0.87792546,0.13825887,0.0,
-2.0751767,-0.87792546,0.13825887,10.0,
-2.0930164,-0.867856,0.13639991,94.0,
-2.0818799,-0.87363964,0.14463817,96.0,
-2.0913925,-0.86911994,0.1319564,0.0,
-2.07421,-0.86911994,0.1319564,9.0,
-2.0885324,-0.86106354,0.12856558,91.0,
-2.0593522,-0.877555,0.13224322,100.0,
-2.0685503,-0.8715144,0.14198174,0.0,
-2.1159117,-0.8715144,0.14198174,9.0,
-2.1144662,-0.8725755,0.14057668,91.0,
-2.1224608,-0.86723906,0.1428207,100.0,
-2.1277173,-0.86381745,0.14313512,0.0,
-2.1210175,-0.86381745,0.14313512,9.0,
-2.1221454,-0.86341625,0.13917775,91.0,
-2.127498,-0.85974765,0.14321479,100.0,
-2.1201935,-0.86436486,0.14270492,0.0,
-2.1176744,-0.86436486,0.14270492,10.0,
-2.1110291,-0.8689995,0.13838686,90.0,
-2.1129682,-0.868359,0.1323602,100.0,
-2.122548,-0.86167234,0.1378469,0.0,
-2.108863,-0.86167234,0.1378469,9.0,
-2.0922132,-0.8710994,0.14746422,92.0,
-2.0978694,-0.8674359,0.14968169,100.0,
-2.0873382,-0.8738186,0.14990976,0.0,
-2.1159368,-0.8738186,0.14990976,9.0,
-2.134649,-0.86259604,0.14489381,91.0,
-2.119932,-0.8725693,0.13495162,100.0,
-2.1163948,-0.87473,0.1354202,0.0,
-2.0721462,-0.87473,0.1354202,9.0,
-2.0819235,-0.86857975,0.14200215,91.0,
-2.0794318,-0.870053,0.14144479,19.0,
-2.1091108,-0.870053,0.14144479,90.0,
-2.0959566,-0.878681,0.12354979,57.0,
-2.11724,-0.8655979,0.13695706,0.0,
-2.103802,-0.87359744,0.13233775,134.0,
-2.097697,-0.8772106,0.1304031,0.0,
-2.1112025,-0.8772106,0.1304031,9.0,
-2.122331,-0.87004143,0.13782963,124.0,
-2.1033175,-0.88083136,0.14420764,0.0,
-2.085548,-0.88083136,0.14420764,76.0,
-2.0929904,-0.8782233,0.12635966,58.0,
-2.1132336,-0.86382353,0.1432429,0.0,
-2.0704234,-0.8900747,0.14283274,134.0,
-2.0944145,-0.8762801,0.13596408,0.0,
-2.0892277,-0.8762801,0.13596408,9.0,
-2.093264,-0.8740873,0.13319263,124.0,
-2.1273153,-0.8529099,0.12862225,0.0,
-2.07408,-0.8529099,0.12862225,76.0,
-2.0639215,-0.8580653,0.13878548,57.0,
-2.0386858,-0.8731695,0.13871332,0.0,
-2.038091,-0.87272173,0.14507754,68.0,
-2.090355,-0.87272173,0.14507754,75.0,
-2.089128,-0.873549,0.14370117,41.0,
-2.0836744,-0.87641627,0.14732952,0.0,
-2.087617,-0.8749957,0.13702327,100.0,
-2.0807083,-0.8749957,0.13702327,59.0,
-2.080844,-0.8737863,0.14716063,40.0,
-2.0868704,-0.86987156,0.1494205,0.0,
-2.1002848,-0.8645271,0.1204005,100.0,
-2.1146727,-0.8645271,0.1204005,59.0,
-2.0914757,-0.8789836,0.12535964,40.0,
-2.0914056,-0.8784177,0.13034162,0.0,
-2.111179,-0.86462307,0.14127408,100.0,
-2.119958,-0.86462307,0.14127408,60.0,
-2.1019812,-0.87407696,0.16040774,41.0,
-2.10935,-0.86924285,0.1663163,0.0,
-2.120736,-0.864032,0.14263275,100.0,
-2.0505934,-0.864032,0.14263275,59.0,
-2.05692,-0.861741,0.13005877,40.0,
-2.0540035,-0.8635076,0.13047978,0.0,
-2.02477,-0.8788062,0.14808418,100.0,
-2.1125393,-0.8788062,0.14808418,60.0,
-2.1522255,-0.8534388,0.14775519,40.0,
-2.1197972,-0.8749311,0.14087963,0.0,
-2.096741,-0.8911908,0.1247363,100.0,
-2.0873249,-0.8911908,0.1247363,59.0,
-2.1205378,-0.8718841,0.1188809,41.0,
-2.1043258,-0.8809637,0.12763321,0.0,
-2.1176004,-0.8723218,0.13817716,100.0,
-2.1051035,-0.8723218,0.13817716,59.0,
-2.111994,-0.868505,0.13462964,40.0,
-2.1091433,-0.8705677,0.12895457,0.0,
-2.1158228,-0.8656348,0.1452172,101.0,
-2.1574903,-0.8656348,0.1452172,60.0,
-2.1517994,-0.86898285,0.14822598,40.0,
-2.1415598,-0.87541753,0.14176717,0.0,
-2.1452696,-0.8738777,0.12806742,100.0,
-2.1308873,-0.8738777,0.12806742,60.0,
-2.1364715,-0.8708497,0.12150845,40.0,
-2.1419666,-0.86679494,0.12618887,0.0,
-2.1312437,-0.87344426,0.130217,100.0,
-2.1193602,-0.87344426,0.130217,59.0,
-2.1410012,-0.8592309,0.13367417,40.0,
-2.1300259,-0.8665225,0.1313979,0.0,
-2.12689,-0.8679903,0.13778354,100.0,
-2.0995498,-0.8679903,0.13778354,60.0,
-2.1048806,-0.8640347,0.14510623,40.0,
-2.0920737,-0.8714016,0.15018675,0.0,
-2.0971544,-0.8691465,0.14118314,101.0,
-2.0405202,-0.8691465,0.14118314,59.0,
-2.0353322,-0.8729609,0.13483498,40.0,
-2.0372665,-0.8730433,0.12536697,0.0,
-2.0160217,-0.88430846,0.13370566,100.0,
-2.1116335,-0.88430846,0.13370566,59.0,
-2.1439621,-0.86383545,0.1315909,41.0,
-2.1301422,-0.8722027,0.13840821,0.0,
-2.1283445,-0.8725133,0.14842987,100.0,
-2.0785494,-0.8725133,0.14842987,59.0,
-2.0900342,-0.86528254,0.15052459,40.0,
-2.0859518,-0.8686577,0.14207315,0.0,
-2.109096,-0.8550701,0.13189895,100.0,
-2.1502736,-0.8550701,0.13189895,60.0,
-2.1320806,-0.8667336,0.13816668,41.0,
-2.132624,-0.8659674,0.1424342,0.0,
-2.124513,-0.87018716,0.15376881,100.0,
-2.0332134,-0.87018716,0.15376881,58.0,
-2.0319545,-0.8734964,0.13408865,41.0,
-2.0286088,-0.87604827,0.13010582,0.0,
-2.0256662,-0.8759262,0.14345814,99.0,
-2.0452516,-0.8759262,0.14345814,60.0,
-2.0402164,-0.88044125,0.13078333,40.0,
-2.0600271,-0.8670619,0.14528595,0.0,
-2.0641654,-0.8633522,0.15807568,100.0,
-2.08405,-0.8633522,0.15807568,62.0,
-2.0699012,-0.872166,0.153934,38.0,
-2.0558314,-0.88072693,0.1511784,0.0,
-2.0587592,-0.8777335,0.16301635,100.0,
-2.0660706,-0.8777335,0.16301635,59.0,
-2.0696628,-0.8740141,0.18063174,40.0,
-2.0580566,-0.8817069,0.16922612,0.0,
-2.069532,-0.8756934,0.16330977,100.0,
-2.062153,-0.8756934,0.16330977,59.0,
-2.0845296,-0.862994,0.15719993,40.0,
-2.0804312,-0.86580807,0.15372033,0.0,
-2.081686,-0.86507356,0.15346223,101.0,
-2.1008425,-0.86507356,0.15346223,58.0,
-2.0889826,-0.87225753,0.15342025,40.0,
-2.089309,-0.8714246,0.16042882,0.0,
-2.0990505,-0.8654586,0.16198492,100.0,
-2.0879269,-0.8654586,0.16198492,59.0,
-2.072243,-0.87551695,0.15363239,40.0,
-2.0884497,-0.8671392,0.1400582,0.0,
-2.0906727,-0.86771387,0.12118433,101.0,
-2.0946357,-0.86771387,0.12118433,60.0,
-2.0953205,-0.8664165,0.12868133,40.0,
-2.0946972,-0.8653912,0.14189003,0.0,
-2.0801456,-0.8734349,0.15090956,100.0,
-2.072553,-0.8734349,0.15090956,59.0,
-2.088562,-0.86534536,0.13404939,41.0,
-2.0806785,-0.86895955,0.14564797,0.0,
-2.0919318,-0.8610887,0.15101132,100.0,
-2.131543,-0.8610887,0.15101132,59.0,
-2.1132696,-0.873285,0.14568967,42.0,
-2.124993,-0.86571616,0.14640592,0.0,
-2.1208522,-0.86912817,0.13858113,98.0,
-2.116208,-0.86912817,0.13858113,60.0,
-2.1183374,-0.8669675,0.14565288,40.0,
-2.1259344,-0.861623,0.14916644,0.0,
-2.1058724,-0.8728743,0.16602512,101.0,
-2.0584962,-0.8728743,0.16602512,58.0,
-2.070669,-0.8667406,0.1555417,40.0,
-2.0977166,-0.85123295,0.1424588,0.0,
-2.0786588,-0.86428756,0.1336774,101.0,
-2.1191795,-0.86428756,0.1336774,58.0,
-2.082416,-0.88551784,0.1416101,41.0,
-2.0923746,-0.87880087,0.1530261,0.0,
-2.0865276,-0.8832057,0.14082709,100.0,
-2.0454166,-0.8832057,0.14082709,59.0,
-2.0567513,-0.8772932,0.13461217,40.0,
-2.0871108,-0.8580829,0.14329584,0.0,
-2.0878444,-0.8567619,0.15330659,102.0,
-2.1416693,-0.8567619,0.15330659,57.0,
-2.1294723,-0.86396617,0.15841046,41.0,
-2.1077685,-0.8775737,0.14909042,0.0,
-2.1222165,-0.869798,0.13631414,101.0,
-2.080431,-0.869798,0.13631414,59.0,
-2.0776265,-0.8700381,0.15518942,40.0,
-2.0775294,-0.86978394,0.1599555,0.0,
-2.0861077,-0.86462253,0.16747703,100.0,
-2.0923884,-0.86462253,0.16747703,60.0,
-2.0663908,-0.8816848,0.14846818,40.0,
-2.088895,-0.86859757,0.14537537,0.0,
-2.1113603,-0.8554609,0.13701317,101.0,
-2.1161325,-0.8554609,0.13701317,59.0,
-2.1040962,-0.8625116,0.14241277,41.0,
-2.1126647,-0.85671264,0.14926179,0.0,
-2.102605,-0.8627696,0.15051974,100.0,
-2.089122,-0.8627696,0.15051974,59.0,
-2.0880039,-0.8636073,0.14959495,40.0,
-2.0882251,-0.862834,0.15479968,0.0,
-2.082978,-0.86704534,0.14808074,100.0,
-2.1027734,-0.86704534,0.14808074,59.0,
-2.102162,-0.8663508,0.15913294,40.0,
-2.1075711,-0.8637928,0.15025952,0.0,
-2.0866582,-0.8764492,0.15413909,100.0,
-2.0907862,-0.8764492,0.15413909,59.0,
-2.1167636,-0.8608468,0.14646405,41.0,
-2.1188078,-0.85789263,0.16577157,0.0,
-2.099413,-0.8706843,0.15832946,100.0,
-2.0719292,-0.8706843,0.15832946,59.0,
-2.0632133,-0.8764283,0.15188897,40.0,
-2.0730736,-0.87174255,0.14099593,0.0,
-2.0788682,-0.8666422,0.15789342,100.0,
-2.0863118,-0.8666422,0.15789342,59.0,
-2.0691066,-0.8753567,0.17229505,40.0,
-2.0760016,-0.8716897,0.16930163,0.0,
-2.065268,-0.8778205,0.16887887,100.0,
-2.0456774,-0.8778205,0.16887887,60.0,
-2.0549593,-0.87493396,0.14809336,40.0,
-2.069169,-0.8652522,0.15546842,0.0,
-2.0595856,-0.8712706,0.15447736,100.0,
-2.1001577,-0.8712706,0.15447736,59.0,
-2.0983388,-0.8730188,0.1457899,40.0,
-2.111479,-0.86538136,0.14248821,0.0,
-2.111815,-0.864493,0.15232255,100.0,
-2.1019897,-0.864493,0.15232255,60.0,
-2.085128,-0.87588805,0.14583741,40.0,
-2.0620832,-0.890085,0.14632653,0.0,
-2.074895,-0.8831782,0.13890453,100.0,
-2.0551302,-0.8831782,0.13890453,60.0,
-2.0798402,-0.86578315,0.15670747,40.0,
-2.0877883,-0.8594165,0.17136323,0.0,
-2.1000102,-0.8529141,0.15938559,100.0,
-2.0960991,-0.8529141,0.15938559,60.0,
-2.0688443,-0.87069607,0.15151274,40.0,
-2.0808725,-0.86289656,0.15479821,0.0,
-2.05821,-0.8755972,0.16442445,100.0,
-2.091528,-0.8755972,0.16442445,59.0,
-2.0937488,-0.87442636,0.1626719,40.0,
-2.093945,-0.8747285,0.15812427,0.0,
-2.0775592,-0.88647836,0.14063258,100.0,
-2.056606,-0.88647836,0.14063258,60.0,
-2.057578,-0.88624936,0.13793358,40.0,
-2.066607,-0.87886924,0.15375562,0.0,
-2.0829794,-0.86882913,0.15521745,100.0,
-2.0505369,-0.86882913,0.15521745,60.0,
-2.0294008,-0.88109124,0.15030177,39.0,
-2.0286076,-0.880679,0.15806553,0.0,
-2.0191863,-0.88181293,0.19729319,100.0,
-2.0826082,-0.88181293,0.19729319,60.0,
-2.1106272,-0.8676162,0.17091906,40.0,
-2.1080525,-0.87056094,0.14923939,0.0,
-2.095855,-0.8762936,0.16891956,101.0,
-2.068377,-0.8762936,0.16891956,60.0,
-2.07783,-0.87099576,0.16635013,40.0,
-2.0840695,-0.8694431,0.14419857,0.0,
-2.0639787,-0.88242745,0.1373764,100.0,
-2.049172,-0.88242745,0.1373764,59.0,
-2.0616043,-0.8738067,0.1436914,40.0,
-2.0582848,-0.87489146,0.15094873,0.0,
-2.0592318,-0.8737912,0.15490276,100.0,
-2.0984044,-0.8737912,0.15490276,59.0,
-2.1096878,-0.8677621,0.14564204,40.0,
-2.0806231,-0.8836149,0.16084942,0.0,
-2.0946057,-0.8771795,0.1412515,100.0,
-2.12693,-0.8771795,0.1412515,61.0,
-2.100279,-0.8935181,0.1411984,39.0,
-2.107723,-0.8894793,0.136486,0.0,
-2.1206234,-0.8788531,0.17001994,100.0,
-2.0755613,-0.8788531,0.17001994,59.0,
-2.0768616,-0.8785184,0.16557832,40.0,
-2.0892992,-0.8729678,0.14649822,0.0,
-2.0268245,-0.91104025,0.13618895,100.0,
-2.0282552,-0.91104025,0.13618895,59.0,
-2.0517347,-0.896714,0.14090455,41.0,
-2.0668867,-0.8864717,0.1514371,0.0,
-2.0701513,-0.8851709,0.14594719,100.0,
-2.1063921,-0.8851709,0.14594719,60.0,
-2.0884454,-0.89725107,0.1327742,40.0,
-2.0942495,-0.8937383,0.13310005,0.0,
-2.1183193,-0.8771997,0.15540695,100.0,
-2.0347376,-0.8771997,0.15540695,61.0,
-2.0163229,-0.88953906,0.14862311,38.0,
-2.021157,-0.8890753,0.13422282,0.0,
-2.0234168,-0.88392895,0.15654263,100.0,
-2.1248553,-0.88392895,0.15654263,60.0,
-2.128113,-0.8823124,0.15176949,40.0,
-2.130043,-0.88110644,0.15191554,0.0,
-2.1224394,-0.8862388,0.14677307,100.0,
-2.0423422,-0.8862388,0.14677307,60.0,
-2.0266774,-0.8954229,0.14312524,41.0,
-2.0218556,-0.89853054,0.13976689,0.0,
-2.034167,-0.891569,0.14051111,100.0,
-2.153397,-0.891569,0.14051111,59.0,
-2.1856904,-0.871529,0.12168568,41.0,
-2.171668,-0.8809409,0.12394457,0.0,
-2.1392117,-0.90057075,0.14098696,100.0,
-2.1083415,-0.90057075,0.14098696,60.0,
-2.137945,-0.8812034,0.16491514,40.0,
-2.133796,-0.8838424,0.16212808,0.0,
-2.1327024,-0.8861907,0.13764621,100.0,
-2.0999372,-0.8861907,0.13764621,60.0,
-2.0928085,-0.8887701,0.15407577,40.0,
-2.1127813,-0.8765903,0.15367799,0.0,
-2.0813608,-0.895496,0.15523963,99.0,
-2.095477,-0.895496,0.15523963,59.0,
-2.1147637,-0.88442534,0.14793932,40.0,
-2.1076725,-0.8880809,0.15526117,0.0,
-2.0899117,-0.8997034,0.14774118,100.0,
-2.0316322,-0.8997034,0.14774118,60.0,
-2.0282989,-0.9046769,0.12733944,40.0,
-2.0593886,-0.8873212,0.11858715,0.0,
-2.0775778,-0.8719618,0.15365316,100.0,
-2.0537336,-0.8719618,0.15365316,60.0,
-2.0728955,-0.8597277,0.17491992,40.0,
-2.0513563,-0.87121487,0.1786299,0.0,
-2.0400586,-0.87857735,0.1634357,101.0,
-2.0530896,-0.87857735,0.1634357,59.0,
-2.0326934,-0.89049643,0.16145578,41.0,
-2.0374253,-0.88823706,0.15802285,0.0,
-2.002889,-0.90666926,0.16449961,100.0,
-1.9262596,-0.90666926,0.16449961,59.0,
-1.9652488,-0.8841322,0.17567228,40.0,
-2.0133486,-0.859943,0.157628,0.0,
-1.9898919,-0.8769004,0.1338155,101.0,
-2.0346193,-0.8769004,0.1338155,59.0,
-2.020197,-0.8818871,0.15885396,40.0,
-2.0327687,-0.87325346,0.17005454,0.0,
-1.983871,-0.9020099,0.1607358,100.0,
-2.056539,-0.9020099,0.1607358,59.0,
-2.0617032,-0.89971894,0.1552579,40.0,
-2.093639,-0.8809402,0.1619991,0.0,
-2.095098,-0.879396,0.17138156,101.0,
-2.050545,-0.879396,0.17138156,59.0,
-2.0437405,-0.8831032,0.17360497,40.0,
-2.0640368,-0.87339175,0.1543314,0.0,
-2.0818567,-0.86412615,0.1391613,103.0,
-2.1384385,-0.86412615,0.1391613,58.0,
-2.1042366,-0.8847745,0.15017553,40.0,
-2.1119556,-0.88038856,0.1462396,0.0,
-2.0935967,-0.89076185,0.15485887,101.0,
-2.0915458,-0.89076185,0.15485887,59.0,
-2.075866,-0.90079224,0.15089431,40.0,
-2.109944,-0.8805658,0.14334306,0.0,
-2.07277,-0.9034596,0.14492077,100.0,
-2.0631769,-0.9034596,0.14492077,61.0,
-2.0878193,-0.88787967,0.14986761,40.0,
-2.0858474,-0.88772535,0.16170476,0.0,
-2.0805106,-0.8925431,0.14829075,99.0,
-2.0822673,-0.8925431,0.14829075,60.0,
-2.089446,-0.8888854,0.14226913,40.0,
-2.093361,-0.88557893,0.1505548,0.0,
-2.101145,-0.88103104,0.14845455,101.0,
-2.092058,-0.88103104,0.14845455,58.0,
-2.0758224,-0.89152896,0.14007021,40.0,
-2.0760279,-0.8915918,0.13843226,0.0,
-2.0755157,-0.8901189,0.1548959,101.0,
-2.0676537,-0.8901189,0.1548959,58.0,
-2.0635734,-0.8925675,0.15511802,41.0,
-2.0646603,-0.8926556,0.14961983,0.0,
-2.0846357,-0.88065606,0.14680682,101.0,
-2.13715,-0.88065606,0.14680682,59.0,
-2.1207035,-0.8900298,0.15717861,41.0,
-2.1316729,-0.8833798,0.1553609,0.0,
-2.1179602,-0.8929144,0.14500089,100.0,
-2.1063216,-0.8929144,0.14500089,58.0,
-2.093235,-0.90127647,0.14304426,40.0,
-2.091622,-0.9041599,0.12869318,0.0,
-2.126083,-0.87908536,0.1584296,101.0,
-2.132816,-0.87908536,0.1584296,59.0,
-2.118494,-0.88799757,0.15789564,40.0,
-2.1070137,-0.8954451,0.15328012,0.0,
-2.1074085,-0.89631104,0.14277275,100.0,
-2.02991,-0.89631104,0.14277275,61.0,
-2.0277405,-0.89629817,0.15236557,39.0,
-2.027974,-0.896069,0.15316878,0.0,
-2.0395806,-0.8917178,0.13586012,100.0,
-2.0817194,-0.8917178,0.13586012,59.0,
-2.0779748,-0.8935821,0.13921008,40.0,
-2.0813184,-0.8898722,0.15357475,0.0,
-2.0898268,-0.8844481,0.15649174,100.0,
-2.0603743,-0.8844481,0.15649174,60.0,
-2.0481281,-0.8921443,0.15224196,40.0,
-2.0411124,-0.89636767,0.15112427,0.0,
-2.0246942,-0.9054552,0.15339725,99.0,
-2.1055734,-0.9054552,0.15339725,60.0,
-2.0893567,-0.9149187,0.15532738,42.0,
-2.1346128,-0.8873834,0.15527587,0.0,
-2.125858,-0.8920308,0.16422135,99.0,
-2.0791903,-0.8920308,0.16422135,59.0,
-2.091781,-0.8856331,0.15785258,40.0,
-2.0971093,-0.8825302,0.16115095,0.0,
-2.094283,-0.88437945,0.15588139,102.0,
-2.1344585,-0.88437945,0.15588139,58.0,
-2.1422324,-0.87928945,0.15827127,40.0,
-2.1217968,-0.8936773,0.14140566,0.0,
-2.0924845,-0.9143372,0.12105649,100.0,
-2.0825274,-0.9143372,0.12105649,60.0,
-2.0988615,-0.9043621,0.1182119,41.0,
-2.1136394,-0.89102525,0.14766099,0.0,
-2.098115,-0.8980612,0.1706213,56.0,
-2.058822,-0.8980612,0.1706213,104.0,
-2.061571,-0.8993699,0.14668363,40.0,
-2.0618203,-0.89956623,0.14401601,0.0,
-2.0751624,-0.8926115,0.13600607,100.0,
-2.0614727,-0.8926115,0.13600607,60.0,
-2.0600886,-0.89259785,0.14149193,40.0,
-2.059724,-0.891748,0.14823075,0.0,
-2.0498104,-0.89965355,0.13833258,100.0,
-2.14944,-0.89965355,0.13833258,61.0,
-2.1577997,-0.8948484,0.13322487,39.0,
-2.1445448,-0.9022414,0.14365329,0.0,
-2.1543055,-0.8960368,0.14746343,100.0,
-2.082893,-0.8960368,0.14746343,60.0,
-2.089675,-0.8923862,0.14400896,41.0,
-2.0919907,-0.8920427,0.1343582,0.0,
-2.0913222,-0.89202535,0.13818686,100.0,
-2.1085532,-0.89202535,0.13818686,59.0,
-2.1028802,-0.8956064,0.13774952,40.0,
-2.1064312,-0.8939937,0.13258886,0.0,
-2.1091166,-0.8913311,0.1412881,100.0,
-2.120072,-0.8867243,0.12033111,15.0,
-2.0985966,-0.8867243,0.12033111,44.0,
-2.0938072,-0.8880619,0.13449557,57.0,
-2.0697188,-0.90138996,0.14426042,0.0,
-2.1224415,-0.86959314,0.14054741,134.0,
-2.0740557,-0.8995848,0.1380973,0.0,
-2.0756514,-0.8995848,0.1380973,9.0,
-2.0853934,-0.8939147,0.1390964,124.0,
-2.0813892,-0.8946247,0.15643041,0.0,
-2.0962958,-0.8946247,0.15643041,76.0,
-2.0982318,-0.89652336,0.12842901,57.0,
-2.1072323,-0.8894941,0.14189632,0.0,
-2.0985448,-0.8944497,0.14515218,134.0,
-2.1010697,-0.89263105,0.14791833,0.0,
-2.0936222,-0.89263105,0.14791833,9.0,
-2.0941975,-0.8930927,0.14143285,125.0,
-2.1034977,-0.8880619,0.13449557,0.0,
-2.0629272,-0.8880619,0.13449557,76.0,
-2.0834506,-0.875992,0.13191424,58.0,
-2.0744646,-0.8805323,0.14005998,0.0,
-2.068707,-0.88510627,0.13040312,134.0,
-2.0504744,-0.8935186,0.14938052,0.0,
-2.1455293,-0.8935186,0.14938052,9.0,
-2.1478486,-0.8926879,0.14283274,124.0,
-2.1515326,-0.88975924,0.14743733,0.0,
-2.0773952,-0.88975924,0.14743733,78.0,
-2.101219,-0.87641346,0.14099467,55.0,
-2.0661407,-0.8954797,0.15417112,0.0,
-2.079536,-0.88943136,0.13818687,134.0,
-2.0750616,-0.89202535,0.13818686,0.0,
-2.1161146,-0.89202535,0.13818686,9.0,
-2.1287549,-0.8841909,0.13960832,124.0,
-2.104446,-0.89849144,0.14378151,0.0,
-2.0666924,-0.89849144,0.14378151,76.0,
-2.0686908,-0.89696187,0.14707941,57.0,
-2.077759,-0.89344704,0.1312541,0.0,
-2.0952048,-0.8834593,0.12635966,134.0,
-2.0802321,-0.8907973,0.14189634,0.0,
-2.133471,-0.8907973,0.14189634,9.0,
-2.1468894,-0.8814387,0.1538899,125.0,
-2.1220407,-0.89702916,0.15087171,0.0,
-2.11565,-0.9021739,0.1380973,67.0,
-2.0621135,-0.9021739,0.1380973,8.0,
-2.0701659,-0.8975204,0.13705307,142.0,
-2.0593839,-0.90169615,0.15428804,0.0,
-2.0893965,-0.90169615,0.15428804,59.0,
-2.108191,-0.8917682,0.14247486,41.0,
-2.1044097,-0.8946803,0.13581826,0.0,
-2.1153085,-0.8897551,0.11854915,99.0,
-2.0556855,-0.8897551,0.11854915,60.0,
-2.048401,-0.89261484,0.12956673,41.0,
-2.051355,-0.89073855,0.13079132,0.0,
-2.0628576,-0.8850864,0.12163458,100.0,
-2.150118,-0.8850864,0.12163458,59.0,
-2.130627,-0.8963751,0.13482103,41.0,
-2.1352038,-0.8931225,0.13831145,0.0,
-2.152202,-0.88189393,0.1419024,100.0,
-2.1332464,-0.88189393,0.1419024,60.0,
-2.126661,-0.8862875,0.13688977,41.0,
-2.138063,-0.87863714,0.14650905,0.0,
-2.1307392,-0.88349116,0.14097518,100.0,
-2.1012595,-0.88349116,0.14097518,59.0,
-2.0987558,-0.8864692,0.12883843,40.0,
-2.098431,-0.8848203,0.14487074,0.0,
-2.1300378,-0.8649021,0.14377362,101.0,
-2.1277773,-0.8649021,0.14377362,59.0,
-2.0864735,-0.8898488,0.13964248,41.0,
-2.074981,-0.8953977,0.1505264,0.0,
-2.1057212,-0.8809928,0.11203906,100.0,
-2.102919,-0.8809928,0.11203906,60.0,
-2.1062324,-0.8770473,0.12185646,40.0,
-2.0541308,-0.901113,0.18609059,0.0,
-2.0815976,-0.8790671,0.22789313,100.0,
-2.0283818,-0.8790671,0.22789313,59.0,
-2.0486693,-0.8739665,0.16400053,40.0,
-1.9962107,-0.9075336,0.13396616,0.0,
-2.005657,-0.9015035,0.1387274,101.0,
-2.0817182,-0.9015035,0.1387274,59.0,
-2.1260393,-0.87193793,0.186378,40.0,
-2.0974112,-0.88865757,0.18116856,0.0,
-2.1171815,-0.88011265,0.14142984,100.0,
-2.0052137,-0.88011265,0.14142984,59.0,
-2.007946,-0.8801867,0.12974605,40.0,
-2.0089223,-0.8795976,0.12998186,0.0,
-2.0187988,-0.87216216,0.14382678,100.0,
-2.0633693,-0.87216216,0.14382678,59.0,
-2.0607715,-0.8724054,0.15660448,42.0,
-1.996504,-0.9064414,0.16696212,0.0,
-2.0685086,-0.86862284,0.14935848,150.0,
-2.0979738,-0.85161895,0.14258727,0.0,
-2.0933292,-0.85161895,0.14258727,9.0,
-2.0785441,-0.85851175,0.166191,90.0,
-2.0799696,-0.85907996,0.15155198,101.0,
-2.0440664,-0.88412213,0.12702906,0.0,
-2.0931444,-0.88412213,0.12702906,9.0,
-2.1054742,-0.87748814,0.118397236,89.0,
-2.093877,-0.88201773,0.14570397,102.0,
-2.1240227,-0.8646967,0.13623095,0.0,
-2.1247349,-0.8646967,0.13623095,8.0,
-2.1464665,-0.85249686,0.112614505,91.0,
-2.1309154,-0.86329895,0.10138855,100.0,
-2.1022966,-0.8782591,0.13481116,0.0,
-2.067142,-0.8782591,0.13481116,9.0,
-2.0613787,-0.8776156,0.17507653,91.0,
-2.0318363,-0.89368623,0.17612447,100.0,
-2.0518882,-0.8847922,0.15598299,0.0,
-2.0523324,-0.8847922,0.15598299,9.0,
-2.0772285,-0.872557,0.13273698,91.0,
-2.0602443,-0.882918,0.13376091,100.0,
-2.047733,-0.88892585,0.1451104,0.0,
-2.0714922,-0.88892585,0.1451104,9.0,
-2.0851915,-0.8829482,0.12549669,91.0,
-2.0649512,-0.8923652,0.14904949,102.0,
-2.06328,-0.8941381,0.14313427,0.0,
-2.0388854,-0.8941381,0.14313427,7.0,
-2.0677717,-0.8777861,0.13759424,91.0,
-2.048206,-0.8923725,0.11636022,100.0,
-2.0705886,-0.8778208,0.12311055,0.0,
-2.112358,-0.8778208,0.12311055,10.0,
-2.115387,-0.875078,0.13240808,90.0,
-2.1038053,-0.8806951,0.14896792,100.0,
-2.0921633,-0.8870565,0.15493166,0.0,
-2.182555,-0.8870565,0.15493166,9.0,
-2.1613953,-0.90010893,0.15206066,92.0,
-2.209877,-0.8713411,0.10482834,99.0,
-2.1442027,-0.91265476,0.12163984,0.0,
-2.1417599,-0.91265476,0.12163984,9.0,
-2.105658,-0.9353708,0.12038257,91.0,
-2.0949736,-0.942387,0.11665888,100.0,
-2.0443203,-0.9699629,0.12823991,0.0,
-1.9993435,-0.9699629,0.12823991,8.0,
-1.9791992,-0.97880596,0.1372688,91.0,
-1.9931846,-0.9717563,0.13635777,100.0,
-2.0061624,-0.96048397,0.1644924,0.0,
-2.0568235,-0.96048397,0.1644924,8.0,
-2.069712,-0.9462579,0.20103608,91.0,
-2.048458,-0.9541543,0.22824582,101.0,
-2.0469582,-0.9551315,0.22739033,0.0,
-2.0114253,-0.9551315,0.22739033,9.0,
-2.0021753,-0.9606931,0.22417131,91.0,
-1.9999517,-0.96248895,0.22085512,101.0,
-2.0021675,-0.9694617,0.17860277,0.0,
-2.0477002,-0.9694617,0.17860277,9.0,
-2.0617282,-0.9666498,0.14818272,90.0,
-2.1128094,-0.94038254,0.11935849,100.0,
-2.0886245,-0.95159715,0.14298905,0.0,
-2.1030252,-0.95159715,0.14298905,9.0,
-2.0893672,-0.960818,0.13818674,90.0,
-2.0506253,-0.98226243,0.146848,101.0,
-2.039387,-0.9870065,0.15558845,0.0,
-1.9467082,-0.9870065,0.15558845,9.0,
-1.9506421,-0.9780061,0.18283401,90.0,
-1.8938375,-0.9832932,0.29022285,100.0,
-1.8701262,-0.9892848,0.31405848,0.0,
-1.885878,-0.9892848,0.31405848,9.0,
-1.8819761,-0.9805241,0.3621551,90.0,
-1.9797804,-0.95114183,0.2619308,101.0,
-2.0045128,-0.95614564,0.17612076,0.0,
-2.030878,-0.95614564,0.17612076,10.0,
-2.0032742,-0.98326385,0.12610616,90.0,
-2.0067248,-0.9758114,0.14944205,100.0,
-2.0449603,-0.95181924,0.15520097,0.0,
-2.0932577,-0.95181924,0.15520097,9.0,
-2.0772212,-0.96148443,0.15541987,91.0,
-2.0616474,-0.97211003,0.14791292,100.0,
-2.0637567,-0.96662825,0.17156549,0.0,
-2.0212567,-0.96662825,0.17156549,9.0,
-2.0251064,-0.955915,0.21662086,91.0,
-2.031739,-0.948058,0.24229208,101.0,
-2.022834,-0.9563279,0.22153318,0.0,
-2.0439823,-0.9563279,0.22153318,8.0,
-2.0451627,-0.9599098,0.19706947,91.0,
-2.0834696,-0.9386994,0.18729702,101.0,
-2.092559,-0.9340633,0.18111353,0.0,
-2.0096745,-0.9340633,0.18111353,9.0,
-1.9400411,-0.97172594,0.18264966,90.0,
-1.9530267,-0.9670756,0.17214176,101.0,
-1.9713925,-0.95907086,0.16256545,0.0,
-2.0072627,-0.95907086,0.16256545,9.0,
-1.9903436,-0.96598357,0.17485748,92.0,
-1.9722319,-0.9726156,0.19027881,99.0,
-1.9586496,-0.97931427,0.19163741,0.0,
-2.0183249,-0.97931427,0.19163741,9.0,
-2.0244226,-0.9806092,0.16666566,91.0,
-2.0212247,-0.98585624,0.14922473,100.0,
-2.0868058,-0.94329846,0.17501909,0.0,
-1.9735,-0.94329846,0.17501909,9.0,
-1.9441689,-0.9563243,0.1858997,91.0,
-1.9180074,-0.96886075,0.18787467,100.0,
-1.947579,-0.95642984,0.17601569,0.0,
-1.9800999,-0.95642984,0.17601569,9.0,
-1.9496188,-0.9707881,0.18606927,90.0,
-1.9827074,-0.9580093,0.16110826,100.0,
-1.9861133,-0.9555183,0.16394971,0.0,
-2.089112,-0.9555183,0.16394971,9.0,
-2.0865953,-0.9576336,0.16011883,90.0,
-2.0655055,-0.9672308,0.17680086,101.0,
-2.0687742,-0.9624906,0.19510011,0.0,
-1.9486134,-0.9624906,0.19510011,8.0,
-1.8987176,-0.98638725,0.19683272,91.0,
-1.9405731,-0.96873605,0.18310304,100.0,
-1.9296571,-0.9724947,0.19162564,0.0,
-2.066441,-0.9724947,0.19162564,9.0,
-2.069734,-0.97078377,0.19196118,90.0,
-2.0654051,-0.97738314,0.15681067,102.0,
-2.0773447,-0.974844,0.12900347,0.0,
-2.0007243,-0.974844,0.12900347,11.0,
-1.9960563,-0.97686094,0.13190955,87.0,
-2.013237,-0.9595522,0.17196679,100.0,
-2.0149508,-0.9581845,0.17442046,0.0,
-2.027729,-0.9581845,0.17442046,9.0,
-2.0094144,-0.9748103,0.13262638,91.0,
-2.0079317,-0.97659594,0.12730525,100.0,
-2.0233483,-0.96545297,0.14305523,0.0,
-1.9687937,-0.96545297,0.14305523,9.0,
-1.9384459,-0.97758645,0.16413045,90.0,
-1.9484249,-0.9661261,0.18989785,100.0,
-1.9664708,-0.9572066,0.18536058,0.0,
-2.0058815,-0.9572066,0.18536058,9.0,
-1.977885,-0.9753068,0.17912345,91.0,
-1.9484936,-0.98523813,0.20722857,100.0,
-1.9602953,-0.97172505,0.2377013,0.0,
-1.9999945,-0.97172505,0.2377013,9.0,
-1.9820213,-0.97543985,0.2708794,91.0,
-2.016852,-0.96342087,0.23604596,104.0,
-2.0437567,-0.95722306,0.18320473,0.0,
-2.018009,-0.95722306,0.18320473,7.0,
-2.0224605,-0.96764845,0.11538551,90.0,
-2.01258,-0.97462404,0.110042624,100.0,
-2.0457537,-0.954702,0.11036976,0.0,
-2.0309124,-0.954702,0.11036976,8.0,
-1.9889401,-0.9724595,0.14339153,91.0,
-1.9811077,-0.96915156,0.17897272,100.0,
-1.9848336,-0.96229625,0.20317823,0.0,
-2.0296588,-0.96229625,0.20317823,9.0,
-2.0207129,-0.97511476,0.16232851,91.0,
-2.0106585,-0.9874618,0.13244736,100.0,
-2.0334568,-0.9682599,0.15965909,0.0,
-2.0081432,-0.9682599,0.15965909,9.0,
-1.9549878,-0.981848,0.23360012,90.0,
-1.9308935,-0.98779684,0.26393807,101.0,
-1.9125285,-0.9907339,0.2932815,0.0,
-1.9313492,-0.9907339,0.2932815,9.0,
-1.9049667,-1.0039755,0.29404122,90.0,
-1.9338394,-0.99305075,0.27742308,101.0,
-1.9811703,-0.9734188,0.25053123,0.0,
-1.9643654,-0.9734188,0.25053123,8.0,
-1.9852613,-0.97493494,0.19142802,91.0,
-1.984703,-0.9852518,0.15151785,101.0,
-1.9901218,-0.9840553,0.14351751,0.0,
-1.9451041,-0.9840553,0.14351751,9.0,
-1.9801959,-0.97015375,0.11743065,90.0,
-1.9505988,-0.97608346,0.16327427,100.0,
-1.9314125,-0.9821488,0.18194273,0.0,
-2.0265737,-0.9821488,0.18194273,9.0,
-2.034898,-0.9771077,0.1830969,91.0,
-2.0154846,-0.9887106,0.18089028,101.0,
-2.007933,-0.99296534,0.1809951,0.0,
-1.9862071,-0.99296534,0.1809951,9.0,
-1.9543222,-1.0022464,0.21669947,91.0,
-1.9266806,-0.99560416,0.30575576,100.0,
-1.9248241,-0.9986194,0.29652625,0.0,
-1.8765727,-0.9986194,0.29652625,9.0,
-1.9138788,-0.988485,0.26240253,91.0,
-1.9979427,-0.9602794,0.18807195,99.0,
-1.9615604,-0.9832316,0.17104211,0.0,
-2.0505512,-0.9832316,0.17104211,10.0,
-2.043828,-0.98763824,0.16953835,90.0,
-2.0935416,-0.955821,0.17394589,100.0,
-2.06067,-0.978967,0.1620737,0.0,
-2.1063607,-0.978967,0.1620737,9.0,
-2.0877216,-0.993855,0.13852558,91.0,
-2.1035888,-0.9796059,0.16840358,100.0,
-2.1140232,-0.9701684,0.19221789,0.0,
-2.0325546,-0.9701684,0.19221789,10.0,
-2.0234401,-0.9724752,0.20770115,89.0,
-1.9732189,-0.99782485,0.21202254,110.0,
-1.9763709,-0.9989684,0.1981104,0.0,
-1.9750924,-0.9989684,0.1981104,0.0,
-1.9703695,-1.0038879,0.18848972,90.0,
-1.9862423,-0.99644685,0.18227927,100.0,
-2.0206885,-0.9767683,0.18101892,0.0,
-2.0256972,-0.9767683,0.18101892,9.0,
-2.0205612,-0.98005474,0.17866872,91.0,
-2.0042543,-0.9863604,0.19212927,100.0,
-2.0075393,-0.9899109,0.16526891,0.0,
-1.9804919,-0.9899109,0.16526891,9.0,
-2.0006702,-0.97552305,0.18072957,90.0,
-1.9922907,-0.97437626,0.2100713,101.0,
-1.9718167,-0.98594165,0.20602523,0.0,
-1.9542546,-0.98594165,0.20602523,10.0,
-1.9731196,-0.97880274,0.19238228,90.0,
-1.9587771,-0.98918086,0.18042266,101.0,
-1.9451326,-1.01454,0.11020666,0.0,
-2.001265,-1.01454,0.11020666,9.0,
-2.0096648,-0.99843335,0.16099833,90.0,
-2.0265152,-0.977823,0.2244212,100.0,
-2.0057597,-0.98348486,0.25565812,0.0,
-1.9788795,-0.98348486,0.25565812,9.0,
-1.9828638,-0.98926395,0.21314982,90.0,
-2.0155988,-0.9795034,0.17297623,100.0,
-2.015935,-0.9799475,0.16983703,0.0,
-2.0186346,-0.9799475,0.16983703,9.0,
-2.0073307,-0.98355746,0.18320501,91.0,
-2.01553,-0.9792844,0.18498035,101.0,
-2.0141263,-0.97984993,0.18584707,0.0,
-1.9886556,-0.97984993,0.18584707,8.0,
-1.9764183,-0.9862519,0.18695915,91.0,
-1.98502,-0.98163795,0.18677486,100.0,
-1.978002,-0.9886923,0.17170952,0.0,
-2.0567477,-0.9886923,0.17170952,9.0,
-2.072385,-0.9830235,0.15346162,92.0,
-2.0849884,-0.9677779,0.20000352,100.0,
-2.0967405,-0.9625115,0.18971379,0.0,
-2.0564494,-0.9625115,0.18971379,9.0,
-2.0423243,-0.97596127,0.16466954,92.0,
-2.052245,-0.98150355,0.11290046,100.0,
-2.0205336,-1.0095999,0.0820717,0.0,
-2.0589762,-1.0095999,0.0820717,8.0,
-2.0683637,-1.0048448,0.07749213,92.0,
-2.0420215,-1.0068057,0.13873631,100.0,
-1.992322,-1.0071628,0.2757959,0.0,
-1.9160131,-1.0071628,0.2757959,9.0,
-1.9505001,-0.98031247,0.33700472,91.0,
-2.0059328,-0.9597038,0.2985863,101.0,
-1.9987819,-0.9773011,0.2159821,0.0,
-1.9944831,-0.9773011,0.2159821,9.0,
-1.9816483,-0.99950594,0.14513302,91.0,
-1.997106,-0.99509084,0.12662104,100.0,
-2.0319293,-0.9765463,0.11695769,0.0,
-2.0770905,-0.9765463,0.11695769,9.0,
-2.0728981,-0.98572737,0.087473094,91.0,
-2.071339,-0.9836697,0.10086205,100.0,
-2.072597,-0.9793289,0.11711493,0.0,
-2.0406113,-0.9793289,0.11711493,9.0,
-1.9997332,-0.99438745,0.15745303,91.0,
-2.0042684,-0.9877202,0.17547804,100.0,
-2.0020673,-0.98702955,0.1843881,0.0,
-1.9726989,-0.98702955,0.1843881,9.0,
-1.9448597,-0.9999492,0.19442828,91.0,
-1.9551446,-0.9927445,0.20136188,100.0,
-1.959912,-0.99272835,0.19033295,0.0,
-1.9719256,-0.99272835,0.19033295,8.0,
-1.9634835,-0.9977744,0.18859498,91.0,
-1.9825085,-0.9772369,0.23620772,102.0,
-2.0466595,-0.9446563,0.22001632,0.0,
-2.14192,-0.9446563,0.22001632,7.0,
-2.1164057,-0.9760821,0.022185717,91.0,
-2.127426,-0.99218,-0.09918826,101.0,
-2.1240706,-0.9889731,-0.074333526,0.0,
-2.1608047,-0.9889731,-0.074333526,8.0,
-2.1641233,-0.9680886,0.05742471,91.0,
-2.1501527,-0.9728808,0.09062093,100.0,
-2.129293,-0.9874759,0.06200543,0.0,
-2.1541076,-0.9874759,0.06200543,9.0,
-2.2024748,-0.9626692,0.016176265,91.0,
-2.1821675,-0.9792042,0.0021648677,100.0,
-2.1680732,-0.98916817,2.5199767E-4,0.0,
-2.1467962,-0.98916817,2.5199767E-4,8.0,
-2.168089,-0.97045606,0.028841285,91.0,
-2.1399765,-0.9858813,0.0441664,100.0,
-2.1575277,-0.97732145,0.02869037,0.0,
-2.1393843,-0.97732145,0.02869037,9.0,
-2.1455379,-0.97494835,0.019454982,91.0,
-2.1543984,-0.9705038,0.011664732,100.0,
-2.1593628,-0.96643555,0.01647832,0.0,
-2.1622388,-0.96643555,0.01647832,9.0,
-2.1474063,-0.97773254,5.3805293E-4,91.0,
-2.1459033,-0.97948694,-0.0050980872,101.0,
-2.159334,-0.96803933,0.017936975,0.0,
-2.1316166,-0.96803933,0.017936975,8.0,
-2.121722,-0.974652,0.013658415,90.0,
-2.1037896,-0.9887522,-0.0067217774,101.0,
-2.1120536,-0.98105264,0.009731708,0.0,
-2.1820257,-0.98105264,0.009731708,9.0,
-2.1785672,-0.9823352,0.016623756,91.0,
-2.2052908,-0.96582973,0.015560238,100.0,
-2.1807945,-0.9793325,0.030987758,0.0,
-2.1281888,-0.9793325,0.030987758,9.0,
-2.1305184,-0.9796137,0.01713732,91.0,
-2.1300356,-0.9793392,0.021833334,101.0,
-2.1057193,-0.9930632,0.019059066,0.0,
-2.096912,-0.9930632,0.019059066,9.0,
-2.1152012,-0.9814245,0.021542145,90.0,
-2.1342108,-0.9723914,0.0047745686,100.0,
-2.1082354,-0.9872108,0.01339639,0.0,
-2.1610584,-0.9872108,0.01339639,9.0,
-2.1638486,-0.98804337,-0.003198377,90.0,
-2.1668391,-0.98697793,-0.008449376,101.0,
-2.1636558,-0.9851197,0.016517302,0.0,
-2.2129653,-0.9851197,0.016517302,9.0,
-2.2116885,-0.9843431,0.03306009,90.0,
-2.2072153,-0.98852783,0.017568614,100.0,
-2.2034044,-0.99172187,0.009207681,0.0,
-2.129455,-0.99172187,0.009207681,9.0,
-2.1570714,-0.9720483,0.022302702,90.0,
-2.161924,-0.9687068,0.0237106,100.0,
-2.163822,-0.9713538,-6.9012126E-4,0.0,
-2.1912189,-0.9713538,-6.9012126E-4,9.0,
-2.1789594,-0.98274165,-0.02254366,91.0,
-2.15541,-0.9987796,-0.027119976,100.0,
-2.1720364,-0.9815608,0.014504221,0.0,
-2.0891845,-0.9815608,0.014504221,8.0,
-2.0892065,-0.9776452,0.035732307,91.0,
-2.0803518,-0.9754533,0.07996919,100.0,
-2.085722,-0.9662772,0.12423682,0.0,
-2.0687163,-0.9662772,0.12423682,8.0,
-2.0852056,-0.95888513,0.11034688,93.0,
-2.0650055,-0.973178,0.09732101,99.0,
-1.9815328,-1.0085075,0.15174548,0.0,
-1.953935,-1.0085075,0.15174548,9.0,
-1.9667404,-1.0089014,0.12100785,90.0,
-1.9984391,-0.9901463,0.12556802,100.0,
-1.998904,-0.9852014,0.14724535,0.0,
-2.0432644,-0.9852014,0.14724535,8.0,
-2.0857894,-0.9613703,0.14241791,91.0,
-2.097466,-0.95557594,0.13476075,101.0,
-2.0576952,-0.9752779,0.15692043,0.0,
-2.0185933,-0.9752779,0.15692043,9.0,
-2.0094106,-0.97231483,0.20134915,91.0,
-2.0020533,-0.9774637,0.19373345,100.0,
-1.9666729,-0.99410504,0.20160207,0.0,
-2.0046237,-0.99410504,0.20160207,9.0,
-2.0299034,-0.9800078,0.20058402,92.0,
-2.0278616,-0.97751063,0.21921545,99.0,
-2.015028,-0.98103267,0.23811273,0.0,
-1.8614768,-0.98103267,0.23811273,9.0,
-1.8756225,-0.9763011,0.22884281,91.0,
-1.8740447,-0.98969096,0.17803912,102.0,
-1.8850243,-0.9929137,0.14461496,0.0,
-1.9784793,-0.9929137,0.14461496,7.0,
-2.0057564,-0.97445774,0.16406609,91.0,
-2.008324,-0.97033453,0.17951195,101.0,
-2.0175767,-0.9671767,0.16913953,0.0,
-2.0435433,-0.9671767,0.16913953,9.0,
-2.018588,-0.98608357,0.1513799,92.0,
-2.0254567,-0.9744474,0.18582588,99.0,
-2.0425339,-0.9637464,0.18920603,0.0,
-1.9821333,-0.9637464,0.18920603,9.0,
-1.9892608,-0.95640814,0.20619483,92.0,
-1.9736507,-0.97228545,0.17160441,99.0,
-1.9441729,-0.9813381,0.20307408,0.0,
-1.976029,-0.9813381,0.20307408,9.0,
-1.9964416,-0.9673358,0.22492835,91.0,
-1.9907892,-0.97493994,0.19667271,100.0,
-2.006084,-0.9666041,0.19886573,0.0,
-2.0396883,-0.9666041,0.19886573,9.0,
-2.0332246,-0.9697837,0.20115894,90.0,
-2.0198321,-0.991311,0.13047619,101.0,
-2.0163314,-1.0201721,0.026617022,0.0,
-1.9921882,-1.0201721,0.026617022,9.0,
-1.965216,-1.054082,-0.017777573,90.0,
-2.031877,-0.9963812,0.016153963,101.0,
-2.089075,-1.004677,-0.12927638,0.0,
-1.8762546,-1.004677,-0.12927638,9.0,
-1.7799228,-0.8893536,0.34292144,91.0,
-1.9354105,-0.81644696,0.30630445,100.0,
-1.9239526,-0.8139471,0.3733562,0.0,
-1.6752149,-0.8139471,0.3733562,9.0,
-1.6671543,-0.802147,0.43070963,91.0,
-1.6600415,-0.7862428,0.51212543,100.0,
-1.719214,-0.7622729,0.5190573,0.0,
-1.7161583,-0.7622729,0.5190573,8.0,
-1.7139591,-0.7669668,0.5002063,91.0,
-1.6346838,-0.84209263,0.37241626,101.0,
-1.6154604,-0.86908376,0.330306,0.0,
-1.6180158,-0.86908376,0.330306,8.0,
-1.6489382,-0.8630225,0.30174634,91.0,
-1.5380591,-0.9112582,0.3291243,100.0,
-1.5980238,-0.88195527,0.32398248,0.0,
-1.8167619,-0.88195527,0.32398248,9.0,
-1.5951421,-1.0152557,0.2427843,91.0,
-1.8851057,-0.92895824,0.0234478,101.0,
-1.7327646,-0.96469855,0.18659763,0.0,
-1.8099853,-0.96469855,0.18659763,8.0,
-1.6928903,-0.9917124,0.29540142,90.0,
-1.5648264,-1.054086,0.30951098,100.0,
-1.5562146,-1.0532858,0.3210495,0.0,
-1.6322443,-1.0532858,0.3210495,9.0,
-1.7208563,-1.0019923,0.3455792,91.0,
-1.8913293,-0.8987959,0.44534597,100.0,
-2.0033376,-0.84382933,0.46567258,0.0,
-1.8953365,-0.84382933,0.46567258,9.0,
-1.8875092,-0.86596453,0.35942012,91.0,
-1.797927,-0.8858895,0.48050484,100.0,
-1.8276844,-0.90650934,0.3284511,0.0,
-1.8829938,-0.90650934,0.3284511,8.0,
-1.8931704,-0.9184274,0.2498714,91.0,
-1.8341951,-0.9520116,0.24586217,100.0,
-1.7415727,-0.9766329,0.3224755,0.0,
-1.816425,-0.9766329,0.3224755,9.0,
-1.6943979,-1.0554078,0.2646661,90.0,
-1.6899322,-1.0555568,0.2702264,101.0,
-1.748258,-0.999413,0.35659465,0.0,
-1.8151361,-0.999413,0.35659465,9.0,
-1.8605775,-0.98148936,0.34198627,90.0,
-1.8906429,-0.96812755,0.33585024,100.0,
-1.8715456,-0.9869879,0.2976455,0.0,
-1.8406858,-0.9869879,0.2976455,9.0,
-1.7899078,-1.0031497,0.33274615,91.0,
-1.7692178,-1.0113894,0.34009054,102.0,
-1.7553239,-1.025839,0.31811652,0.0,
-1.7953452,-1.025839,0.31811652,7.0,
-1.8691801,-0.9848494,0.33278316,90.0,
-1.9000046,-0.9680263,0.33713287,101.0,
-1.8860878,-0.98386174,0.30248234,0.0,
-1.8623533,-0.98386174,0.30248234,9.0,
-1.7631139,-1.0328358,0.29704824,92.0,
-1.8148322,-1.0081846,0.29757783,99.0,
-1.8837795,-0.97647214,0.28878045,0.0,
-1.8346038,-0.97647214,0.28878045,9.0,
-1.8146703,-0.9851665,0.29571232,91.0,
-1.735426,-1.0171683,0.32374352,100.0,
-1.7584691,-1.0105895,0.30852503,0.0,
-1.7491428,-1.0105895,0.30852503,9.0,
-1.7745742,-0.9961261,0.31710565,91.0,
-1.7559676,-0.9953964,0.3504629,101.0,
-1.7320551,-1.0086416,0.34145153,0.0,
-1.8333269,-1.0086416,0.34145153,12.0,
-1.7796587,-1.0348594,0.3406506,138.0,
-1.7750889,-1.0369134,0.3410676,0.0,
-1.7434217,-1.0369134,0.3410676,59.0,
-1.8135458,-1.0100386,0.31511542,41.0,
-1.841535,-0.990479,0.33257142,0.0,
-1.7697324,-1.0119026,0.38124317,101.0,
-1.8141232,-1.0119026,0.38124317,59.0,
-1.8317468,-1.0154345,0.3344874,41.0,
-1.870177,-1.0106164,0.28115293,0.0,
-1.8735667,-1.0059577,0.29252556,100.0,
-1.8840934,-1.0059577,0.29252556,60.0,
-1.8910434,-1.006055,0.2779914,40.0,
-1.8989413,-1.0034068,0.27253908,0.0,
-1.9117674,-1.0001093,0.25912496,100.0,
-1.9122951,-1.0001093,0.25912496,59.0,
-1.8863219,-1.0085568,0.28005955,41.0,
-1.852249,-1.0194299,0.30511665,0.0,
-1.8484404,-1.0170007,0.3204363,100.0,
-1.8566743,-1.0170007,0.3204363,59.0,
-1.8725301,-1.0117012,0.31105214,40.0,
-1.8592777,-1.011257,0.33888865,0.0,
-1.8624501,-1.0115868,0.3312999,100.0,
-1.8901131,-1.0115868,0.3312999,60.0,
-1.9036443,-1.0062587,0.32550782,41.0,
-1.9087337,-1.007608,0.30925345,0.0,
-1.88762,-1.0248618,0.2844838,99.0,
-1.8078417,-1.0248618,0.2844838,59.0,
-1.8200573,-1.0268601,0.25864318,40.0,
-1.8441061,-1.0054138,0.2846356,0.0,
-1.8611351,-0.9874581,0.3149426,100.0,
-1.8792149,-0.9874581,0.3149426,60.0,
-1.8329879,-1.0143883,0.30587536,40.0,
-1.8231134,-1.0261883,0.28459358,0.0,
-1.8726665,-1.0053221,0.26510137,100.0,
-1.8978454,-1.0053221,0.26510137,60.0,
-1.8755075,-1.0058154,0.3065387,40.0,
-1.8569341,-1.0124998,0.31695798,0.0,
-1.8926193,-0.99656767,0.30778536,101.0,
-1.9064909,-0.99656767,0.30778536,59.0,
-1.9033737,-1.0006453,0.29860234,41.0,
-1.9033794,-0.9988246,0.30549145,0.0,
-1.8781208,-1.0115933,0.3076029,99.0,
-1.8464055,-1.0115933,0.3076029,60.0,
-1.7924018,-1.0333319,0.32134408,41.0,
-1.8315167,-1.0182035,0.30962762,0.0,
-1.8716025,-1.0006838,0.30214378,100.0,
-1.8508283,-1.0006838,0.30214378,59.0,
-1.8399745,-1.005548,0.30391973,40.0,
-1.809801,-1.016644,0.3165997,0.0,
-1.8222312,-1.0124747,0.3101538,101.0,
-1.8402798,-1.0124747,0.3101538,59.0,
-1.8403945,-1.0088123,0.3228931,41.0,
-1.8353828,-1.0097691,0.32847586,0.0,
-1.8391775,-1.0102344,0.32000792,100.0,
-1.7963521,-1.0102344,0.32000792,60.0,
-1.7771462,-1.0149612,0.33504558,40.0,
-1.6823615,-1.0523422,0.35050133,0.0,
-1.7653373,-1.0299007,0.30235094,100.0,
-1.8130097,-1.0299007,0.30235094,60.0,
-1.8643625,-1.0086877,0.2853286,40.0,
-1.8406183,-1.0120248,0.31687412,0.0,
-1.8477981,-1.0099988,0.31118664,100.0,
-1.8196552,-1.0099988,0.31118664,59.0,
-1.782208,-1.0236481,0.32831952,41.0,
-1.7750537,-1.0263559,0.33094808,0.0,
-1.8103951,-1.013046,0.31679,100.0,
-1.8385454,-1.013046,0.31679,60.0,
-1.8717738,-0.9958844,0.32129008,41.0,
-1.864771,-1.0009456,0.3145254,0.0,
-1.7995709,-1.0279613,0.3294829,100.0,
-1.8340687,-1.0279613,0.3294829,61.0,
-1.8735695,-1.0181097,0.29327703,39.0,
-1.8865514,-1.0145175,0.28162533,0.0,
-1.9236001,-0.98877853,0.3035015,100.0,
-1.838503,-0.98877853,0.3035015,60.0,
-1.7912955,-1.0046413,0.33304396,40.0,
-1.7738894,-1.0190061,0.31648275,0.0,
-1.7874238,-1.0096985,0.32342997,100.0,
-1.849259,-1.0096985,0.32342997,59.0,
-1.8543713,-1.0093601,0.3152492,41.0,
-1.8643603,-1.0050577,0.31228572,0.0,
-1.8617889,-1.0010983,0.33201012,100.0,
-1.8113443,-1.0010983,0.33201012,60.0,
-1.7891315,-1.012191,0.32959276,40.0,
-1.8006014,-1.0126299,0.30872688,0.0,
-1.8359029,-1.0000858,0.29152948,100.0,
-1.8214661,-1.0000858,0.29152948,60.0,
-1.8011066,-1.0061734,0.30606622,40.0,
-1.789293,-0.99960434,0.3483099,0.0,
-1.7785318,-1.013242,0.31993285,102.0,
-1.8285484,-1.013242,0.31993285,58.0,
-1.8418574,-1.0112052,0.30339503,40.0,
-1.8506808,-1.007751,0.30036956,0.0,
-1.8365055,-1.0082747,0.325042,100.0,
-1.8599697,-1.0082747,0.325042,60.0,
-1.8714985,-1.002215,0.3250336,40.0,
-1.8885398,-1.0038863,0.28678522,0.0,
-1.8998692,-1.0080023,0.25168738,101.0,
-1.8928093,-1.0080023,0.25168738,58.0,
-1.8272905,-1.0292456,0.29541138,40.0,
-1.8041927,-1.0299057,0.33248943,0.0,
-1.83134,-1.0215685,0.31623784,100.0,
-1.8917102,-1.0215685,0.31623784,60.0,
-1.9239267,-1.0113811,0.29200625,40.0,
-1.8822589,-1.0346378,0.28213838,0.0,
-1.888996,-1.0267894,0.30003557,100.0,
-1.8785698,-1.0267894,0.30003557,60.0,
-1.8919038,-1.0175785,0.30702522,40.0,
-1.911479,-1.0131054,0.28503507,0.0,
-1.8834014,-1.0265468,0.2920503,100.0,
-1.8607877,-1.0265468,0.2920503,59.0,
-1.8750455,-1.0247041,0.2724739,40.0,
-1.8698795,-1.0263628,0.27607372,0.0,
-1.8637178,-1.0243136,0.29483315,101.0,
-1.8974391,-1.0243136,0.29483315,59.0,
-1.914764,-1.0135664,0.30191484,40.0,
-1.9130154,-1.0151039,0.29939187,0.0,
-1.8827711,-1.030918,0.29814652,100.0,
-1.8508824,-1.030918,0.29814652,61.0,
-1.8718926,-1.0214398,0.29456967,40.0,
-1.8945765,-1.0142193,0.27811334,0.0,
-1.8788009,-1.0203671,0.28549746,100.0,
-1.9199662,-1.0203671,0.28549746,59.0,
-1.9307016,-1.0152109,0.2830899,41.0,
-1.9277236,-1.0172926,0.28132418,0.0,
-1.885091,-1.0360578,0.29530442,100.0,
-1.8553509,-1.0360578,0.29530442,59.0,
-1.8608541,-1.034055,0.29249147,40.0,
-1.8868533,-1.0247188,0.2776907,0.0,
-1.8910211,-1.0228218,0.27655962,100.0,
-1.8930804,-1.0228218,0.27655962,60.0,
-1.8871623,-1.0234275,0.28580815,40.0,
-1.9015973,-1.019379,0.2731806,0.0,
-1.879473,-1.0286932,0.2801197,100.0,
-1.9291939,-1.0286932,0.2801197,60.0,
-1.9388351,-1.0237534,0.2794254,40.0,
-1.9511188,-1.0179532,0.27627376,0.0,
-1.9570047,-1.0170205,0.2672359,101.0,
-1.923401,-1.0170205,0.2672359,59.0,
-1.9210373,-1.0182242,0.26767617,40.0,
-1.9182003,-1.0242805,0.25243196,0.0,
-1.9045658,-1.032393,0.25111547,101.0,
-1.8753009,-1.032393,0.25111547,60.0,
-1.8898258,-1.0289357,0.23650526,40.0,
-1.874864,-1.0260369,0.27529395,0.0,
-1.8853858,-1.0185236,0.28399757,100.0,
-1.9092529,-1.0185236,0.28399757,59.0,
-1.9060763,-1.018189,0.29141113,40.0,
-1.900976,-1.0218682,0.28805873,0.0,
-1.9256153,-1.0084946,0.2879705,100.0,
-1.9265752,-1.0084946,0.2879705,60.0,
-1.8993201,-1.0221614,0.2859105,40.0,
-1.8805376,-1.0285169,0.2967985,0.0,
-1.89996,-1.0212994,0.28831512,101.0,
-1.9268618,-1.0212994,0.28831512,59.0,
-1.9150597,-1.0270525,0.28979498,40.0,
-1.9201638,-1.0279433,0.27609766,0.0,
-1.9385443,-1.0206966,0.26633677,101.0,
-1.8683927,-1.0206966,0.26633677,58.0,
-1.8580538,-1.0251088,0.2696281,40.0,
-1.896766,-1.0073955,0.2603667,0.0,
-1.8483582,-1.0313357,0.26535866,100.0,
-1.8803173,-1.0313357,0.26535866,60.0,
-1.8834946,-1.02985,0.26471537,42.0,
-1.8857011,-1.0253403,0.27669445,0.0,
-1.8960419,-1.0303371,0.23977602,99.0,
-1.9462641,-1.0303371,0.23977602,61.0,
-1.9616386,-1.0287038,0.21498722,40.0,
-1.9582303,-1.0307751,0.21499513,0.0,
-1.982809,-1.0017323,0.26434356,100.0,
-1.9445492,-1.0017323,0.26434356,60.0,
-1.8931373,-1.0109677,0.33608508,40.0,
-1.8517078,-1.0212313,0.3748905,0.0,
-1.8783363,-1.0249738,0.30781454,100.0,
-1.8452065,-1.0249738,0.30781454,60.0,
-1.8988552,-1.0187262,0.23214273,40.0,
-1.8551418,-1.0422965,0.23664522,0.0,
-1.8366795,-1.0464134,0.254778,100.0,
-1.8469985,-1.0464134,0.254778,60.0,
-1.911866,-1.0131365,0.25242305,40.0,
-1.8957452,-1.0222148,0.2506859,0.0,
-1.8498468,-1.0411786,0.26757482,100.0,
-1.8686316,-1.0411786,0.26757482,60.0,
-1.963936,-0.9937632,0.26414096,40.0,
-1.9964684,-0.98255527,0.23399693,0.0,
-1.9868629,-0.99006176,0.2245091,101.0,
-1.8461003,-0.99006176,0.2245091,58.0,
-1.8646715,-0.98145777,0.22084697,40.0,
-1.931291,-0.95638216,0.1768939,0.0,
-1.927312,-0.9562307,0.18656085,102.0,
-1.9489002,-0.9562307,0.18656085,59.0,
-1.970224,-0.94844604,0.16764499,39.0,
-2.0085034,-0.9223516,0.18890242,0.0,
-2.0358362,-0.9051886,0.19631118,100.0,
-2.0251458,-0.9051886,0.19631118,59.0,
-2.05249,-0.8895441,0.19390662,40.0,
-2.0131295,-0.91225475,0.1950185,0.0,
-1.9857283,-0.93355566,0.16334847,100.0,
-1.9336872,-0.93355566,0.16334847,60.0,
-1.9570216,-0.9276641,0.1298624,40.0,
-1.9407921,-0.9384596,0.12335267,0.0,
-1.957872,-0.9232138,0.14862916,100.0,
-1.988754,-0.9232138,0.14862916,62.0,
-2.019346,-0.90605175,0.15130068,39.0,
-2.0096984,-0.9078272,0.17690827,0.0,
-1.991857,-0.9196391,0.16071285,150.0,
-1.9927306,-0.9243964,0.12861426,0.0,
-2.0504994,-0.9243964,0.12861426,9.0,
-2.0506728,-0.93055236,0.087851,91.0,
-2.0707653,-0.91903853,0.08398889,99.0,
-2.069222,-0.91744256,0.10077395,0.0,
-1.9767872,-0.91744256,0.10077395,9.0,
-1.9481797,-0.92821145,0.12658457,91.0,
-2.0470126,-0.8919473,0.008429323,101.0,
-2.03879,-0.9061261,-0.032166988,0.0,
-2.101578,-0.9061261,-0.032166988,9.0,
-2.080984,-0.9116569,0.016336262,140.0,
-2.1439044,-0.8630879,0.11006806,0.0,
-2.0729678,-0.8630879,0.11006806,60.0,
-2.2118793,-0.7664757,0.11468557,40.0,
-2.1549604,-0.8119078,0.062409274,0.0,
-1.9864606,-0.9316451,0.029778529,100.0,
-2.054065,-0.9316451,0.029778529,59.0,
-1.8751203,-1.0219444,0.09574144,41.0,
-1.9107901,-0.9652354,0.26222706,0.0,
-2.2832515,-0.7750298,0.3958035,100.0,
-2.2882352,-0.7750298,0.3958035,60.0,
-2.2931647,-0.74979633,0.27991995,39.0,
-2.230993,-0.7842915,0.11070792,0.0,
-1.9426897,-1.0016353,-0.004539145,100.0,
-2.1871567,-1.0016353,-0.004539145,59.0,
-2.0650744,-1.1073688,-0.10827443,41.0,
-2.071914,-1.055833,0.07614709,0.0,
-2.1550405,-0.9905805,0.22029622,100.0,
-1.9941641,-0.9905805,0.22029622,60.0,
-2.066362,-0.96469605,0.1550521,40.0,
-2.1910071,-0.90479904,0.032856718,0.0,
-2.2289596,-0.8839911,-0.039400462,100.0,
-2.1480463,-0.8839911,-0.039400462,60.0,
-2.1834314,-0.8579705,-0.039730404,40.0,
-2.1788378,-0.8546048,0.03522456,0.0,
-2.0527365,-0.92665225,0.09053541,100.0,
-2.075918,-0.92665225,0.09053541,60.0,
-2.1072052,-0.9088544,0.0807038,41.0,
-2.1539145,-0.87524116,0.12002518,0.0,
-2.2278554,-0.8247646,0.1341137,99.0,
-2.1625924,-0.8247646,0.1341137,60.0,
-2.171949,-0.8176989,0.15549749,40.0,
-2.115544,-0.8526768,0.17899321,0.0,
-2.1188707,-0.85016453,0.18954222,101.0,
-2.1279242,-0.85016453,0.18954222,60.0,
-2.1257792,-0.8516583,0.18724242,41.0,
-2.1061542,-0.8650152,0.17323004,0.0,
-2.1312456,-0.85070455,0.15246944,99.0,
-2.1672199,-0.85070455,0.15246944,60.0,
-2.1706238,-0.8487967,0.14572144,41.0,
-2.1545777,-0.86030287,0.13647757,0.0,
-2.1431732,-0.86841166,0.13083321,100.0,
-2.1106143,-0.86841166,0.13083321,59.0,
-2.1002011,-0.87359816,0.14448683,40.0,
-2.113904,-0.861885,0.17400505,0.0,
-2.1361506,-0.8463337,0.19482166,100.0,
-2.098105,-0.8463337,0.19482166,60.0,
-2.0735757,-0.8603836,0.20185491,39.0,
-2.0702193,-0.8632204,0.19188799,0.0,
-2.063001,-0.8708202,0.1605638,100.0,
-2.1029503,-0.8708202,0.1605638,59.0,
-2.101768,-0.8725054,0.15161021,41.0,
-2.0989838,-0.8751961,0.14340664,0.0,
-2.1147356,-0.86313605,0.16292927,99.0,
-2.0591314,-0.86313605,0.16292927,60.0,
-2.0461652,-0.867344,0.19269276,41.0,
-2.0320323,-0.8752082,0.1960458,0.0,
-2.0461276,-0.8724492,0.15392573,100.0,
-2.0968454,-0.8724492,0.15392573,60.0,
-2.088016,-0.877489,0.1588132,41.0,
-2.1013024,-0.8684464,0.1639141,0.0,
-2.0276184,-0.90797824,0.20028143,100.0,
-2.0737433,-0.90797824,0.20028143,59.0,
-2.1243415,-0.8775448,0.20187552,40.0,
-2.154152,-0.8598996,0.18320537,0.0,
-2.138113,-0.87230563,0.16162764,100.0,
-2.0681722,-0.87230563,0.16162764,59.0,
-2.0342233,-0.89247483,0.16427793,40.0,
-2.0462906,-0.8835789,0.17696558,0.0,
-2.0364559,-0.888533,0.18306293,101.0,
-2.1035755,-0.888533,0.18306293,60.0,
-2.1062813,-0.8863032,0.19262725,40.0,
-2.123104,-0.8767383,0.19000015,0.0,
-2.1236095,-0.8764812,0.18929821,100.0,
-2.1042202,-0.8764812,0.18929821,59.0,
-2.0895197,-0.8847879,0.19451411,41.0,
-2.1047566,-0.87733287,0.17636724,0.0,
-2.1008544,-0.8807412,0.16636907,99.0,
-2.0768824,-0.8807412,0.16636907,60.0,
-2.0677478,-0.8870879,0.15827876,40.0,
-2.0438726,-0.8990941,0.1735342,0.0,
-2.070488,-0.88529456,0.15966561,100.0,
-2.0357296,-0.88529456,0.15966561,61.0,
-2.0283792,-0.8886222,0.16684146,39.0,
-2.021946,-0.89099747,0.17625251,0.0,
-2.0237665,-0.8897908,0.17719902,101.0,
-2.034394,-0.8897908,0.17719902,59.0,
-2.052489,-0.87953264,0.17949757,40.0,
-2.0605876,-0.8753087,0.17601077,0.0,
-2.04194,-0.88604623,0.17334382,101.0,
-2.0582397,-0.88604623,0.17334382,62.0,
-2.051419,-0.8899135,0.1739085,37.0,
-2.052479,-0.8881323,0.1842157,0.0,
-2.0604336,-0.8830257,0.18977286,100.0,
-2.0570292,-0.8830257,0.18977286,60.0,
-2.055869,-0.88675797,0.16781491,40.0,
-2.050783,-0.89352787,0.14464432,0.0,
-2.044263,-0.89562714,0.15670002,100.0,
-2.0133777,-0.89562714,0.15670002,59.0,
-2.0281818,-0.8853054,0.16990003,40.0,
-2.0464911,-0.874656,0.17050643,0.0,
-2.0196939,-0.89128566,0.16167447,100.0,
-2.1045725,-0.89128566,0.16167447,60.0,
-2.1020353,-0.89262944,0.16352904,40.0,
-2.0986004,-0.89407754,0.1696744,0.0,
-2.0846522,-0.9011307,0.18065974,101.0,
-2.0234501,-0.9011307,0.18065974,60.0,
-2.0594091,-0.88089204,0.17602584,40.0,
-2.1000307,-0.8583168,0.1535777,0.0,
-2.0604038,-0.884987,0.14018057,100.0,
-2.1235187,-0.884987,0.14018057,60.0,
-2.1151984,-0.8898814,0.14311387,39.0,
-2.1283424,-0.88154185,0.1447619,0.0,
-2.1159246,-0.88967615,0.14065705,100.0,
-2.1111326,-0.88967615,0.14065705,59.0,
-2.11947,-0.8853038,0.13321446,40.0,
-2.1142085,-0.8887855,0.12927036,0.0,
-2.1020257,-0.894833,0.14269121,101.0,
-2.1245015,-0.894833,0.14269121,59.0,
-2.144922,-0.88090813,0.16484898,40.0,
-2.1335993,-0.8887832,0.14940628,0.0,
-2.1314564,-0.8905438,0.14347094,100.0,
-2.0976179,-0.8905438,0.14347094,59.0,
-2.1150901,-0.88114005,0.12969397,40.0,
-2.098507,-0.89042306,0.1395953,0.0,
-2.0964086,-0.8906078,0.1497583,100.0,
-2.1174335,-0.8906078,0.1497583,60.0,
-2.1367216,-0.87844455,0.15192474,40.0,
-2.1258996,-0.88597614,0.1431916,0.0,
-2.1118312,-0.8955631,0.13488258,100.0,
-2.055719,-0.8955631,0.13488258,61.0,
-2.0560846,-0.89522594,0.1357174,40.0,
-2.0636115,-0.88861805,0.15162782,0.0,
-2.0612123,-0.8908675,0.14520177,99.0,
-2.1406586,-0.8908675,0.14520177,59.0,
-2.1369596,-0.89325154,0.14461598,42.0,
-2.1381862,-0.89310443,0.1378807,0.0,
-2.1523838,-0.8842922,0.1344243,100.0,
-2.1064706,-0.8842922,0.1344243,59.0,
-2.0915184,-0.8931323,0.1393186,40.0,
-2.086712,-0.8958932,0.14106515,0.0,
-2.092815,-0.8915793,0.14537399,100.0,
-2.083973,-0.8915793,0.14537399,60.0,
-2.08093,-0.894383,0.13869977,40.0,
-2.073951,-0.89886963,0.13776775,0.0,
-2.073351,-0.90064687,0.1282453,99.0,
-2.055839,-0.90064687,0.1282453,60.0,
-2.065433,-0.8937697,0.136975,42.0,
-2.0729783,-0.889391,0.1358208,0.0,
-2.0747063,-0.8885881,0.13385007,98.0,
-2.1431575,-0.8885881,0.13385007,59.0,
-2.1269197,-0.8977682,0.13706163,41.0,
-2.1306274,-0.8959904,0.13108714,0.0,
-2.1488733,-0.88567454,0.12424483,100.0,
-2.1091275,-0.88567454,0.12424483,60.0,
-2.0769842,-0.9038139,0.13263229,39.0,
-2.0835075,-0.9005582,0.12779272,0.0,
-2.1023731,-0.89005154,0.121155985,100.0,
-2.1347954,-0.89005154,0.121155985,59.0,
-2.1202676,-0.8982996,0.12616625,41.0,
-2.1138704,-0.90130806,0.13538633,0.0,
-2.1440196,-0.88349944,0.13845801,100.0,
-2.1361399,-0.8887679,0.128429,4.0,
-2.1498952,-0.8887679,0.128429,55.0,
-2.148254,-0.89007664,0.12639694,91.0,
-2.1344388,-0.89794266,0.13728623,101.0,
-2.1476004,-0.88930535,0.13799103,0.0,
-2.0995564,-0.88930535,0.13799103,9.0,
-2.0874736,-0.89590925,0.14452548,141.0,
-2.0689955,-0.90814304,0.1345579,0.0,
-2.0602534,-0.90814304,0.1345579,61.0,
-2.0900342,-0.8922654,0.12445555,39.0,
-2.086533,-0.89393395,0.12826614,0.0,
-2.101941,-0.88450384,0.13387474,100.0,
-2.1309938,-0.88450384,0.13387474,61.0,
-2.1413083,-0.87856615,0.12814595,39.0,
-2.1233742,-0.8902569,0.12020751,0.0,
-2.11828,-0.8930905,0.12323452,101.0,
-2.115019,-0.8930905,0.12323452,61.0,
-2.1252048,-0.8854477,0.13302556,39.0,
-2.1218376,-0.88671666,0.14146775,0.0,
-2.113304,-0.8930438,0.13295193,100.0,
-2.1235583,-0.887136,0.12723598,50.0,
-2.0980086,-0.887136,0.12723598,10.0,
-2.0848448,-0.8967123,0.117412165,139.0,
-2.097496,-0.8894798,0.11145597,0.0,
-2.0651414,-0.8894798,0.11145597,59.0,
-2.0549653,-0.89489764,0.11708439,40.0,
-2.0560722,-0.8934578,0.12258539,0.0,
-2.0607843,-0.8897052,0.12945221,100.0,
-2.1753256,-0.8897052,0.12945221,60.0,
-2.1780484,-0.88757503,0.13384585,40.0,
-2.1736042,-0.890423,0.13483074,0.0,
-2.1678257,-0.89408475,0.13613512,100.0,
-2.1561642,-0.89408475,0.13613512,60.0,
-2.1912122,-0.87341887,0.12892675,40.0,
-2.161382,-0.89147025,0.12418342,0.0,
-2.161198,-0.89202505,0.11325814,100.0,
-2.149155,-0.89202505,0.11325814,60.0,
-2.135987,-0.8993611,0.12474593,40.0,
-2.134769,-0.8995563,0.1303866,0.0,
-2.1289783,-0.9027249,0.1349385,100.0,
-2.1806543,-0.9027249,0.1349385,60.0,
-2.1993926,-0.8913296,0.12808947,41.0,
-2.2144845,-0.8817007,0.12482008,0.0,
-2.2194614,-0.87867475,0.11576626,100.0,
-2.1774743,-0.87867475,0.11576626,60.0,
-2.165543,-0.8856678,0.12732567,40.0,
-2.1523488,-0.8928218,0.14408383,0.0,
-2.1489167,-0.89464414,0.14825602,101.0,
-2.152733,-0.89464414,0.14825602,59.0,
-2.1596751,-0.8914202,0.12993792,42.0,
-2.0835133,-0.9363663,0.121098645,0.0,
-2.0449777,-0.9515029,0.16756774,98.0,
-2.013544,-0.9515029,0.16756774,59.0,
-2.092499,-0.9106918,0.14959627,40.0,
-2.1554015,-0.8743275,0.12547658,0.0,
-2.16156,-0.8712767,0.11227195,100.0,
-2.1297975,-0.8712767,0.11227195,60.0,
-2.1085663,-0.8821581,0.13857222,40.0,
-2.1177127,-0.8768406,0.1388331,0.0,
-2.1048446,-0.88400614,0.14290051,100.0,
-2.1586504,-0.88400614,0.14290051,59.0,
-2.1411335,-0.89570457,0.12670083,40.0,
-2.0875025,-0.92781997,0.12069253,0.0,
-2.0843112,-0.9286015,0.12971802,101.0,
-2.0706022,-0.9286015,0.12971802,60.0,
-2.1065843,-0.9078385,0.12815224,40.0,
-2.1021771,-0.9096013,0.13631219,0.0,
-2.0949705,-0.91282403,0.14577359,101.0,
-2.0864253,-0.91282403,0.14577359,60.0,
-2.1004329,-0.9038934,0.15636249,40.0,
-2.092532,-0.91052306,0.13415755,0.0,
-2.0958633,-0.9097861,0.12284043,100.0,
-2.0937755,-0.9097861,0.12284043,59.0,
-2.0872974,-0.91394424,0.12215648,41.0,
-2.0449383,-0.92945015,0.1885975,0.0,
-2.0367494,-0.93258035,0.1985488,100.0,
-2.128276,-0.93258035,0.1985488,59.0,
-2.1303806,-0.93102443,0.2015271,40.0,
-2.1231637,-0.9372971,0.18355691,0.0,
-2.1138678,-0.94291633,0.18284553,100.0,
-2.0749671,-0.94291633,0.18284553,59.0,
-2.1074898,-0.9251744,0.17431991,41.0,
-2.118301,-0.9190835,0.17094803,0.0,
-2.0927804,-0.93414843,0.1716882,100.0,
-2.0847714,-0.93414843,0.1716882,60.0,
-2.083795,-0.9389147,0.14482395,39.0,
-2.085161,-0.93887556,0.13995866,0.0,
-2.0682847,-0.94341266,0.17499734,100.0,
-2.0609322,-0.94341266,0.17499734,61.0,
-2.0766587,-0.93216157,0.18951719,40.0,
-2.0538971,-0.9445581,0.19386983,0.0,
-2.0584989,-0.94670135,0.1633286,100.0,
-2.1357088,-0.94670135,0.1633286,59.0,
-2.1339338,-0.9521551,0.12600064,41.0,
-2.1368759,-0.9489757,0.1371204,0.0,
-2.0413125,-0.98718786,0.2472248,100.0,
-2.0587912,-0.98718786,0.2472248,60.0,
-2.0241401,-1.0022662,0.26371425,39.0,
-2.0214372,-1.0038091,0.26227957,0.0,
-2.104076,-0.96552604,0.22627051,100.0,
-2.0804496,-0.96552604,0.22627051,60.0,
-2.0635166,-0.97978723,0.19664033,41.0,
-2.0090976,-1.0069814,0.21053709,0.0,
-2.036205,-0.98845303,0.23396209,100.0,
-2.0428386,-0.98845303,0.23396209,59.0,
-2.0302207,-0.99341387,0.24480754,42.0,
-2.0128012,-0.99898195,0.26498124,0.0,
-2.0227685,-0.99321055,0.26759592,99.0,
-2.006462,-0.99321055,0.26759592,59.0,
-2.0006893,-0.9962937,0.2668151,40.0,
-1.9890258,-1.0036298,0.25914055,0.0,
-1.9867618,-1.0000969,0.28473264,100.0,
-2.034716,-1.0000969,0.28473264,61.0,
-2.0331714,-1.0015999,0.28026998,40.0,
-2.0446167,-0.9981726,0.2648956,0.0,
-2.045678,-1.0003331,0.248774,100.0,
-2.0009227,-1.0003331,0.248774,59.0,
-1.9759778,-1.0100551,0.2657628,41.0,
-1.9857727,-1.005095,0.26479667,0.0,
-1.9732691,-1.0113231,0.2664592,102.0,
-1.9577049,-1.0113231,0.2664592,59.0,
-1.964939,-1.0129656,0.24161264,39.0,
-1.9691116,-1.0107746,0.24170919,0.0,
-1.970178,-1.0083427,0.25044814,100.0,
-2.0133193,-1.0083427,0.25044814,60.0,
-2.0206032,-1.0030298,0.25704396,40.0,
-2.0308294,-0.9978515,0.25485286,0.0,
-2.0233984,-1.0030214,0.24948204,100.0,
-2.032807,-1.0030214,0.24948204,59.0,
-2.0170457,-1.0122465,0.24356446,40.0,
-2.0357563,-1.0014068,0.24991925,0.0,
-2.0454483,-0.9951381,0.25714618,100.0,
-2.047213,-0.9951381,0.25714618,60.0,
-2.0316973,-1.003312,0.2591684,40.0,
-2.0330296,-1.0056471,0.2436667,0.0,
-2.035168,-1.0071832,0.23038098,100.0,
-2.0355368,-1.0071832,0.23038098,60.0,
-2.027254,-1.0129994,0.22557892,40.0,
-2.0206146,-1.0126681,0.24400054,0.0,
-2.0486212,-0.9935616,0.26030615,100.0,
-2.01565,-0.9935616,0.26030615,59.0,
-2.0086951,-0.9996835,0.24168059,41.0,
-1.9813874,-1.0123261,0.24432546,0.0,
-2.0034025,-0.99956167,0.25915945,100.0,
-2.0656965,-0.99956167,0.25915945,59.0,
-2.0529084,-1.0067344,0.25837362,41.0,
-2.0441887,-1.0159853,0.23501773,0.0,
-2.0512521,-1.0100517,0.24542332,100.0,
-1.9934386,-1.0100517,0.24542332,60.0,
-2.0074015,-1.0048752,0.23439398,40.0,
-2.0182207,-0.99977165,0.23050474,0.0,
-2.0081449,-1.0058488,0.22778459,101.0,
-2.0419226,-1.0058488,0.22778459,58.0,
-2.0363536,-1.0065356,0.23960263,41.0,
-2.028787,-1.0114031,0.23669627,0.0,
-2.0409122,-1.0042775,0.23805279,100.0,
-2.0571702,-1.0042775,0.23805279,60.0,
-2.0502696,-1.0069463,0.24403827,40.0,
-2.0463562,-1.0088539,0.24500436,0.0,
-2.0633066,-1.0009716,0.23797159,100.0,
-2.074877,-1.0009716,0.23797159,60.0,
-2.0719476,-1.0035692,0.23153415,41.0,
-2.0223987,-1.025216,0.255585,0.0,
-2.0411463,-1.0146706,0.2625148,99.0,
-1.9612716,-1.0146706,0.2625148,59.0,
-2.0004768,-0.9960518,0.25752264,40.0,
-2.0035245,-0.99997526,0.22804311,0.0,
-1.980241,-1.0156976,0.21121721,100.0,
-2.036557,-1.0156976,0.21121721,60.0,
-2.066007,-0.9955736,0.2282838,40.0,
-2.0552442,-0.999562,0.23956835,0.0,
-2.0359373,-1.0102446,0.2395365,100.0,
-1.9554745,-1.0102446,0.2395365,61.0,
-1.9718529,-1.0014244,0.24208799,39.0,
-1.9722884,-1.0009948,0.24312562,0.0,
-1.9845356,-0.99463326,0.24358326,101.0,
-2.0337148,-0.99463326,0.24358326,59.0,
-2.0215502,-1.0008502,0.24509655,40.0,
-2.0325103,-0.99473214,0.24665062,0.0,
-2.0312393,-0.99706626,0.23752473,101.0,
-2.031263,-0.99706626,0.23752473,59.0,
-2.0036845,-1.0093429,0.24756868,40.0,
-2.0228539,-1.0021042,0.2333959,0.0,
-2.0289824,-1.0003787,0.22499229,101.0,
-2.055419,-1.0003787,0.22499229,60.0,
-2.049667,-1.0049305,0.21738479,40.0,
-2.0447178,-1.0064874,0.22358193,0.0,
-2.0443883,-1.0033404,0.2420664,99.0,
-2.0516171,-1.0033404,0.2420664,60.0,
-2.0438886,-1.0076593,0.24243645,40.0,
-2.019498,-1.0170146,0.26250815,0.0,
-2.006153,-1.0211884,0.2767816,100.0,
-2.0147612,-1.0211884,0.2767816,59.0,
-2.008731,-1.0245701,0.27560756,40.0,
-2.0087092,-1.0249705,0.27368346,0.0,
-2.0284915,-1.0155277,0.26860532,101.0,
-2.023996,-1.0155277,0.26860532,60.0,
-2.0347292,-1.0130122,0.25217655,40.0,
-2.0626915,-1.0000687,0.23750176,0.0,
-2.076477,-0.99200225,0.23723347,100.0,
-2.0502195,-0.99200225,0.23723347,59.0,
-2.0206506,-1.0082792,0.23276758,41.0,
-2.0111918,-1.013041,0.23335221,0.0,
-2.0544534,-0.9892994,0.24004272,100.0,
-2.006266,-0.9892994,0.24004272,59.0,
-2.0220897,-0.9846186,0.21959965,40.0,
-1.9740765,-1.0089025,0.22731806,0.0,
-1.9221768,-1.0314715,0.24403948,100.0,
-1.9988399,-1.0314715,0.24403948,61.0,
-1.9651998,-1.0458002,0.2587796,40.0,
-1.9938407,-1.0284965,0.2692361,0.0,
-2.076465,-0.9886371,0.2387043,100.0,
-2.0664935,-0.9886371,0.2387043,59.0,
-2.084503,-0.9815744,0.21948496,41.0,
-2.0596733,-0.99711204,0.21661007,0.0,
-1.9737977,-1.0438113,0.22421794,99.0,
-1.9444525,-1.0438113,0.22421794,61.0,
-1.9426175,-1.0397848,0.24453934,38.0,
-2.0054462,-1.0102334,0.22940975,0.0,
-2.0205793,-1.0050159,0.21473041,100.0,
-2.0748904,-1.0050159,0.21473041,60.0,
-2.0054345,-1.0419866,0.21369515,40.0,
-1.9398052,-1.0683764,0.2398875,0.0,
-2.0802698,-1.0026389,0.21116884,100.0,
-2.0287738,-1.0026389,0.21116884,59.0,
-2.0890217,-0.97170043,0.18931688,41.0,
-2.0713725,-0.9861497,0.17056134,0.0,
-2.022394,-1.0116041,0.18607414,100.0,
-2.0208,-1.0116041,0.18607414,59.0,
-2.028879,-1.0010037,0.21407653,41.0,
-2.0308137,-1.000336,0.21204415,0.0,
-2.0329425,-0.999305,0.21123227,100.0,
-2.0216093,-0.999305,0.21123227,59.0,
-2.0508509,-0.98750967,0.18767792,40.0,
-2.0626194,-0.977739,0.20359895,0.0,
-2.0408783,-0.9878709,0.21556409,99.0,
-2.008147,-0.9878709,0.21556409,59.0,
-2.014666,-0.98362243,0.21816385,41.0,
-2.022867,-0.9805284,0.21051013,0.0,
-2.0306535,-0.9750884,0.21503292,100.0,
-2.0292354,-0.9750884,0.21503292,59.0,
-2.013265,-0.9810494,0.23030753,40.0,
-2.0044093,-0.98536724,0.23286402,0.0,
-2.0134008,-0.9791472,0.24005593,100.0,
-1.9800892,-0.9791472,0.24005593,61.0,
-1.9714515,-0.9851982,0.23236366,39.0,
-2.0022867,-0.97045,0.2234905,0.0,
-1.996317,-0.9740113,0.221879,101.0,
-2.0401354,-0.9740113,0.221879,58.0,
-2.0343308,-0.97859234,0.21645789,41.0,
-2.032227,-0.97964954,0.21734056,0.0,
-2.0300462,-0.97947526,0.22421211,100.0,
-2.0251994,-0.97947526,0.22421211,59.0,
-2.023263,-0.9825918,0.21091981,40.0,
-2.0378478,-0.97404796,0.21670292,0.0,
-2.0426106,-0.9668701,0.25034007,101.0,
-1.9402388,-0.9668701,0.25034007,59.0,
-1.9873993,-0.9345787,0.2897034,44.0,
-1.9904314,-0.9318635,0.29681465,0.0,
-1.9862434,-0.93715,0.27784318,97.0,
-1.9816515,-0.93715,0.27784318,60.0,
-1.9812859,-0.93806547,0.2730796,39.0,
-2.0055463,-0.93073165,0.23829135,0.0,
-2.015087,-0.9262692,0.23332703,101.0,
-2.0323942,-0.9262692,0.23332703,59.0,
-2.0311708,-0.9271032,0.23274487,40.0,
-2.0511405,-0.9148281,0.2341132,0.0,
-2.0426552,-0.92035985,0.23186423,100.0,
-2.0333407,-0.92035985,0.23186423,60.0,
-2.0514202,-0.9114164,0.22040829,41.0,
-2.049198,-0.91607696,0.2009411,0.0,
-2.0060637,-0.93834126,0.22036743,100.0,
-1.9962975,-0.93834126,0.22036743,59.0,
-2.0147755,-0.9232018,0.24262562,40.0,
-2.0417387,-0.90555525,0.25293607,0.0,
-2.0261102,-0.91700333,0.23987958,100.0,
-2.1129704,-0.91700333,0.23987958,60.0,
-2.1109643,-0.91999555,0.22015555,40.0,
-2.11004,-0.9204574,0.22091296,0.0,
-2.1191542,-0.91555816,0.21641026,100.0,
-2.0574555,-0.91555816,0.21641026,61.0,
-2.055122,-0.91496927,0.2301636,39.0,
-2.0556858,-0.91230327,0.24783418,0.0,
-2.0608604,-0.90909076,0.24999996,99.0,
-2.0342393,-0.90909076,0.24999996,60.0,
-2.0067356,-0.92479885,0.2437865,41.0,
-2.0002885,-0.9294955,0.23556522,0.0,
-2.0271266,-0.915646,0.23016772,102.0,
-2.079489,-0.915646,0.23016772,58.0,
-2.0561373,-0.9269863,0.24634787,41.0,
-2.0768142,-0.91658455,0.23512837,0.0,
-2.0782568,-0.91799456,0.2179738,100.0,
-2.1022656,-0.91799456,0.2179738,60.0,
-2.0770404,-0.932402,0.22252457,39.0,
-2.0916781,-0.9228737,0.22966048,0.0,
-2.0921144,-0.9213607,0.24006918,100.0,
-2.1090667,-0.9213607,0.24006918,59.0,
-2.1038182,-0.92564005,0.22782561,40.0,
-2.1008058,-0.9282537,0.22005005,0.0,
-2.093503,-0.93028253,0.23943196,100.0,
-2.0737634,-0.93028253,0.23943196,59.0,
-2.088975,-0.921479,0.23849957,41.0,
-2.0920534,-0.9198906,0.23659252,0.0,
-2.0891566,-0.9204139,0.24616379,100.0,
-2.0652754,-0.9204139,0.24616379,60.0,
-2.048708,-0.9313988,0.2374642,40.0,
-2.049346,-0.9310009,0.23763482,0.0,
-2.0419881,-0.93435293,0.24332875,101.0,
-2.1042094,-0.93435293,0.24332875,58.0,
-2.1047869,-0.93436897,0.24052788,41.0,
-2.108445,-0.93288296,0.23504113,0.0,
-2.1258593,-0.9220279,0.23673469,101.0,
-2.0868504,-0.9220279,0.23673469,58.0,
-2.076905,-0.927639,0.23592895,42.0,
-2.054882,-0.93986773,0.23413,0.0,
-2.0788774,-0.92602324,0.24084094,99.0,
-2.0612786,-0.92602324,0.24084094,60.0,
-2.0547354,-0.9307164,0.23708892,40.0,
-2.0456033,-0.93757856,0.23028912,0.0,
-2.046636,-0.9369046,0.23050414,100.0,
-2.0551207,-0.9304184,0.23742938,5.0,
-2.0511303,-0.9304184,0.23742938,54.0,
-2.032911,-0.9417565,0.23472294,57.0,
-2.0305703,-0.946057,0.21942945,0.0,
-2.026191,-0.94620633,0.23210494,134.0,
-2.023614,-0.94822836,0.2294625,0.0,
-2.0255098,-0.94822836,0.2294625,9.0,
-2.0424533,-0.940397,0.21791127,124.0,
-2.0547705,-0.9338555,0.2130301,0.0,
-2.00467,-0.9338555,0.2130301,77.0,
-2.0161073,-0.92276216,0.23421808,56.0,
-1.9918904,-0.9372781,0.23309487,0.0,
-2.003991,-0.9308089,0.22990493,134.0,
-2.0300512,-0.9175072,0.2172079,0.0,
-2.017444,-0.9175072,0.2172079,9.0,
-1.9919055,-0.9293067,0.23089407,126.0,
-1.9731883,-0.93483,0.25768062,0.0,
-2.036454,-0.93483,0.25768062,75.0,
-2.0302851,-0.94053495,0.23472297,58.0,
-2.078126,-0.91658634,0.22197637,0.0,
-2.070378,-0.9208561,0.22164927,134.0,
-2.041761,-0.93442786,0.23649628,0.0,
-2.0111358,-0.93442786,0.23649628,9.0,
-2.0356288,-0.9205138,0.24043192,90.0,
-2.0664105,-0.9024469,0.2476126,101.0,
-2.0115907,-0.9355995,0.22741656,0.0,
-1.9965097,-0.9355995,0.22741656,10.0,
-2.0033126,-0.9308836,0.2317324,89.0,
-2.0145495,-0.92260724,0.24198137,101.0,
-1.9781541,-0.9421238,0.24714394,0.0,
-1.9994502,-0.9421238,0.24714394,9.0,
-2.0157242,-0.93496794,0.23732877,90.0,
-2.0233848,-0.9289601,0.2503612,100.0,
-2.0491946,-0.91648114,0.23791823,0.0,
-2.1073537,-0.91648114,0.23791823,9.0,
-2.084011,-0.9303299,0.23002057,90.0,
-2.088218,-0.92608684,0.24921808,100.0,
-2.08149,-0.93101156,0.23666643,0.0,
-1.9958342,-0.93101156,0.23666643,8.0,
-1.9642544,-0.94516426,0.2542459,91.0,
-1.9733841,-0.93995595,0.25560063,100.0,
-1.9979303,-0.9283562,0.2447051,0.0,
-1.9703432,-0.9283562,0.2447051,9.0,
-1.9591912,-0.9339621,0.24741213,90.0,
-1.942278,-0.9438968,0.24367522,101.0,
-1.9252819,-0.9482908,0.26588753,0.0,
-2.0174634,-0.9482908,0.26588753,9.0,
-2.0279067,-0.9416874,0.27286136,90.0,
-1.9960686,-0.9608537,0.2582401,101.0,
-2.000934,-0.9581572,0.2590292,0.0,
-1.9423727,-0.9581572,0.2590292,9.0,
-1.9533291,-0.9552326,0.24483655,91.0,
-1.9771302,-0.94256026,0.2497559,100.0,
-1.9620054,-0.94655716,0.2724619,0.0,
-2.0257666,-0.94655716,0.2724619,8.0,
-1.9938164,-0.96036404,0.29342878,92.0,
-2.0168548,-0.95497453,0.25353375,99.0,
-2.0263612,-0.9510033,0.24562009,0.0,
-2.0054362,-0.9510033,0.24562009,10.0,
-1.9982834,-0.9540278,0.2507197,90.0,
-2.0089238,-0.9509975,0.2351845,101.0,
-1.9970881,-0.9557844,0.24492209,0.0,
-2.0176272,-0.9557844,0.24492209,9.0,
-2.019777,-0.9544161,0.24552934,91.0,
-2.025999,-0.9510377,0.24421969,100.0,
-2.037573,-0.9467505,0.2308401,0.0,
-2.0488737,-0.9467505,0.2308401,10.0,
-2.0519726,-0.94627535,0.22213584,90.0,
-2.0469074,-0.9465912,0.23978792,101.0,
-2.0429502,-0.948181,0.24370019,0.0,
-2.0281782,-0.948181,0.24370019,8.0,
-2.0041242,-0.9604372,0.24781974,91.0,
-2.0349855,-0.94632715,0.23166056,100.0,
-2.0321872,-0.9477832,0.23228852,0.0,
-2.0300756,-0.9477832,0.23228852,8.0,
-2.0388784,-0.9394888,0.2513215,91.0,
-2.0434775,-0.9398767,0.23300688,100.0,
-2.0314248,-0.94800967,0.22672077,0.0,
-2.0405846,-0.94800967,0.22672077,10.0,
-2.0565298,-0.9407941,0.21654338,90.0,
-2.0421917,-0.9476186,0.22326827,100.0,
-2.021443,-0.9553962,0.24552137,0.0,
-2.0718997,-0.9553962,0.24552137,10.0,
-2.0889318,-0.94667554,0.238468,90.0,
-2.0937765,-0.9438345,0.23871078,100.0,
-2.0769398,-0.9535918,0.23820643,0.0,
-2.037816,-0.9535918,0.23820643,9.0,
-2.0363758,-0.9561116,0.2278767,90.0,
-2.072479,-0.9343687,0.23485467,101.0,
-2.0551388,-0.94498277,0.23083305,0.0,
-2.0093935,-0.94498277,0.23083305,8.0,
-1.9900451,-0.95582014,0.22969884,91.0,
-2.0171394,-0.9415429,0.22573514,100.0,
-2.0067823,-0.9464394,0.23077488,0.0,
-2.115575,-0.9464394,0.23077488,9.0,
-2.1041682,-0.95276034,0.23316419,91.0,
-2.1184692,-0.945592,0.22375013,100.0,
-2.096815,-0.95899117,0.21822958,0.0,
-2.0516794,-0.95899117,0.21822958,9.0,
-2.0614214,-0.9539046,0.21627714,91.0,
-2.05857,-0.95589215,0.21349838,101.0,
-2.066304,-0.9507498,0.21939452,0.0,
-2.0244045,-0.9507498,0.21939452,9.0,
-2.0166235,-0.9562415,0.21436648,123.0,
-2.0174732,-0.9580257,0.20304465,0.0,
-2.1312587,-0.9580257,0.20304465,77.0,
-2.1392388,-0.95312566,0.20713139,56.0,
-2.1373723,-0.95504975,0.1980982,0.0,
-2.1260526,-0.95981944,0.2143665,135.0,
-2.1198313,-0.962397,0.22299477,0.0,
-2.0546522,-0.962397,0.22299477,8.0,
-2.069699,-0.95378184,0.2225291,124.0,
-2.0471349,-0.9676482,0.21747805,0.0,
-2.0954845,-0.9676482,0.21747805,76.0,
-2.1361744,-0.94556904,0.21256772,57.0,
-2.1268573,-0.950794,0.21331243,0.0,
-2.104485,-0.96475434,0.20023327,134.0,
-2.1167722,-0.9568686,0.2093419,0.0,
-2.1086984,-0.9568686,0.2093419,9.0,
-2.1012619,-0.95992345,0.21866986,124.0,
-2.1070287,-0.95840365,0.20583552,0.0,
-2.0399995,-0.95840365,0.20583552,77.0,
-2.0391781,-0.95770323,0.21284305,57.0,
-2.0440679,-0.9522754,0.23027346,0.0,
-2.0445573,-0.9545829,0.21360181,134.0,
-2.050987,-0.9527729,0.20232128,0.0,
-2.1387045,-0.9527729,0.20232128,9.0,
-2.1368024,-0.95212257,0.21557659,124.0,
-2.1532633,-0.9419631,0.21450523,0.0,
-2.0631902,-0.9419631,0.21450523,76.0,
-2.0433238,-0.9518326,0.22331722,57.0,
-2.0407932,-0.9542206,0.21711208,0.0,
-2.0387914,-0.95695263,0.20731175,134.0,
-2.0566094,-0.9437424,0.22785674,0.0,
-2.0452147,-0.9437424,0.22785674,8.0,
-2.03354,-0.9517596,0.21905552,125.0,
-2.0141432,-0.9631377,0.21591154,0.0,
-2.115816,-0.9631377,0.21591154,76.0,
-2.1350625,-0.9516764,0.21481623,57.0,
-2.1079535,-0.96542805,0.2325578,0.0,
-2.1340225,-0.9517596,0.21905552,134.0,
-2.1090424,-0.96732867,0.21468547,0.0,
-2.0387661,-0.96732867,0.21468547,9.0,
-2.052101,-0.960765,0.20956533,124.0,
-2.0694683,-0.9511836,0.2078629,0.0,
-2.0014982,-0.9511836,0.2078629,76.0,
-1.9657845,-0.9691878,0.21390535,57.0,
-1.9844644,-0.9593513,0.21360181,0.0,
-2.0048287,-0.9484035,0.21331246,134.0,
-1.9938465,-0.9552206,0.2086001,0.0,
-2.1004717,-0.9552206,0.2086001,9.0,
-2.0818841,-0.96480155,0.21669202,125.0,
-2.1080222,-0.94935244,0.21905553,0.0,
-2.0772588,-0.94935244,0.21905553,76.0,
-2.0526247,-0.9664023,0.19453461,57.0,
-2.0967774,-0.9408718,0.19875544,0.0,
-2.0750737,-0.9505577,0.21905552,135.0,
-2.076009,-0.951673,0.20657076,0.0,
-2.077097,-0.951673,0.20657076,8.0,
-2.094155,-0.9425477,0.20152923,124.0,
-2.0445344,-0.9727512,0.18873695,0.0,
-2.095713,-0.9413734,0.20354755,68.0,
-2.0612385,-0.9413734,0.20354755,7.0,
-2.0892282,-0.92694974,0.1963385,140.0,
-2.0778368,-0.93224186,0.20562251,0.0,
-2.0282085,-0.93224186,0.20562251,59.0,
-2.0121808,-0.9428009,0.19529586,41.0,
-2.0410013,-0.929694,0.17570844,0.0,
-2.0335429,-0.93115205,0.1933466,100.0,
-2.0656652,-0.93115205,0.1933466,60.0,
-2.0625794,-0.9353139,0.17706114,40.0,
-2.051419,-0.9420586,0.175358,0.0,
-2.030726,-0.9536815,0.1763951,100.0,
-2.1012592,-0.9536815,0.1763951,60.0,
-2.1389387,-0.93108594,0.18480407,40.0,
-2.127922,-0.93970245,0.16396558,0.0,
-2.1080596,-0.9507015,0.16902956,100.0,
-2.0019233,-0.9507015,0.16902956,60.0,
-2.0147877,-0.94385225,0.16828072,41.0,
-2.0459695,-0.92066526,0.21386598,0.0,
-2.0475261,-0.92107844,0.20318337,100.0,
-2.0240364,-0.92107844,0.20318337,60.0,
-2.012536,-0.932243,0.17565347,40.0,
-2.002137,-0.93805605,0.17638849,0.0,
-2.022758,-0.9239067,0.19000176,100.0,
-2.0123124,-0.9239067,0.19000176,59.0,
-1.9993656,-0.9331989,0.18139352,40.0,
-1.9923704,-0.93467814,0.19444482,0.0,
-2.0108778,-0.92850816,0.17061171,100.0,
-1.9503312,-0.92850816,0.17061171,60.0,
-1.9404052,-0.9350892,0.16806154,41.0,
-1.9172065,-0.94515246,0.18209499,0.0,
-1.9075415,-0.9402404,0.2242523,100.0,
-1.9452276,-0.9402404,0.2242523,59.0,
-1.9423741,-0.9419786,0.2235358,40.0,
-1.9304208,-0.94631356,0.23363192,0.0,
-1.9223403,-0.9489447,0.24142483,102.0,
-1.9154779,-0.9489447,0.24142483,58.0,
-1.9235299,-0.9455105,0.23726793,41.0,
-1.919211,-0.9498571,0.22883281,0.0,
-1.9434147,-0.94208145,0.20400593,100.0,
-1.9934376,-0.94208145,0.20400593,60.0,
-2.0138965,-0.93213755,0.19312358,40.0,
-2.0046158,-0.9373419,0.19499692,0.0,
-1.9698557,-0.9568928,0.19890393,100.0,
-1.9348098,-0.9568928,0.19890393,59.0,
-1.9529542,-0.9409477,0.22313304,40.0,
-1.9800225,-0.9263446,0.21884751,0.0,
-1.9788423,-0.9546256,0.1058077,100.0,
-2.0555615,-0.9546256,0.1058077,59.0,
-2.0918794,-0.92107797,0.19548279,40.0,
-2.1108413,-0.908843,0.21334976,0.0,
-2.0342274,-0.95618665,0.1690196,100.0,
-2.0522146,-0.95618665,0.1690196,60.0,
-2.062446,-0.9491309,0.1773529,40.0,
-2.0898998,-0.93306535,0.17950097,0.0,
-2.0994139,-0.9269233,0.18407947,101.0,
-2.0902627,-0.9269233,0.18407947,59.0,
-2.0308855,-0.9591098,0.18713336,43.0,
-2.0326931,-0.9575814,0.19103551,0.0,
-2.0528333,-0.9464258,0.1941055,98.0,
-2.0584419,-0.9464258,0.1941055,59.0,
-2.0843706,-0.93108386,0.19849001,40.0,
-2.0670414,-0.9431617,0.1830302,0.0,
-2.0389183,-0.9594814,0.18036392,101.0,
-2.090004,-0.9594814,0.18036392,59.0,
-2.1183012,-0.9390758,0.21022402,41.0,
-2.1396103,-0.926431,0.21012914,0.0,
-2.1306598,-0.9336934,0.19276758,99.0,
-2.1352932,-0.9336934,0.19276758,60.0,
-2.0854838,-0.96321815,0.19051407,40.0,
-2.1092677,-0.94842106,0.19892226,0.0,
-2.1215954,-0.94133234,0.19775471,101.0,
-2.1332133,-0.94133234,0.19775471,60.0,
-2.1229205,-0.9461825,0.2084757,39.0,
-2.1284037,-0.9444949,0.1943759,0.0,
-2.12607,-0.94865376,0.17023626,102.0,
-1.9823697,-0.94865376,0.17023626,58.0,
-2.0706117,-0.8977573,0.17200202,42.0,
-2.0394628,-0.91304225,0.19358748,0.0,
-2.0271413,-0.91862154,0.20295663,98.0,
-2.1360197,-0.91862154,0.20295663,60.0,
-2.1228766,-0.92698854,0.1884997,41.0,
-2.0927868,-0.9441289,0.18228629,0.0,
-2.1166217,-0.9308772,0.18373343,99.0,
-2.0757113,-0.9308772,0.18373343,59.0,
-2.0897925,-0.9223329,0.18408985,40.0,
-2.075855,-0.9303331,0.18681894,0.0,
-2.09481,-0.91914636,0.18499449,100.0,
-2.072584,-0.91914636,0.18499449,60.0,
-2.0699656,-0.9208855,0.18427537,40.0,
-2.0594244,-0.9281197,0.1798906,0.0,
-2.0864654,-0.9102791,0.18615955,100.0,
-2.0559757,-0.9102791,0.18615955,59.0,
-2.032879,-0.92277145,0.19135559,40.0,
-2.033752,-0.9226609,0.18879373,0.0,
-2.0309014,-0.92600006,0.17766492,100.0,
-2.1225955,-0.92600006,0.17766492,60.0,
-2.1181557,-0.9296753,0.17098376,40.0,
-2.1173718,-0.929062,0.17913494,0.0,
-2.1098893,-0.93322754,0.18244897,100.0,
-2.0916505,-0.93322754,0.18244897,60.0,
-2.1087468,-0.9244463,0.17174308,40.0,
-2.095869,-0.93308836,0.16431317,0.0,
-2.1189919,-0.9186663,0.16810209,100.0,
-2.0681412,-0.9186663,0.16810209,59.0,
-2.0542665,-0.9263024,0.17236397,40.0,
-2.0687418,-0.9182871,0.16821031,0.0,
-2.0587878,-0.9236933,0.17190047,101.0,
-2.1006606,-0.9236933,0.17190047,59.0,
-2.0986722,-0.9253206,0.1690774,40.0,
-2.0873687,-0.9302168,0.18304704,0.0,
-2.0800858,-0.93569154,0.17545193,100.0,
-2.0585403,-0.93569154,0.17545193,60.0,
-2.0819485,-0.9226884,0.17020623,41.0,
-2.075052,-0.9268523,0.16981402,0.0,
-2.0877507,-0.91913533,0.17072171,99.0,
-2.0495555,-0.91913533,0.17072171,60.0,
-2.050627,-0.9188192,0.16864197,41.0,
-2.0293758,-0.93024504,0.17385878,0.0,
-2.0160959,-0.9360834,0.18377374,100.0,
-2.0274682,-0.92908424,0.18821469,53.0,
-2.0583577,-0.92908424,0.18821469,8.0,
-2.0412345,-0.9418983,0.16726904,140.0,
-2.0345256,-0.94651175,0.16235633,0.0,
-2.067637,-0.94651175,0.16235633,60.0,
-2.0710888,-0.9416431,0.18174554,40.0,
-2.0929813,-0.92961836,0.17645295,0.0,
-2.0760918,-0.9420258,0.15929323,100.0,
-2.0999763,-0.9420258,0.15929323,59.0,
-2.1042526,-0.9397751,0.15679902,40.0,
-2.1250582,-0.92464304,0.17314613,0.0,
-2.109882,-0.9347238,0.16785875,101.0,
-2.1015165,-0.9347238,0.16785875,59.0,
-2.1028292,-0.9352438,0.15683843,40.0,
-2.0911398,-0.9410826,0.16419059,0.0,
-2.0885015,-0.9429948,0.16086838,100.0,
-2.0539355,-0.9429948,0.16086838,60.0,
-2.0721357,-0.9328464,0.15844302,40.0,
-2.06427,-0.9370936,0.16066897,0.0,
-2.0501127,-0.9446913,0.16395825,101.0,
-2.048764,-0.9446913,0.16395825,59.0,
-2.0812006,-0.9256005,0.16902769,40.0,
-2.0576992,-0.938735,0.17067312,0.0,
-2.0622823,-0.93733174,0.16222967,105.0,
-2.047172,-0.93733174,0.16222967,55.0,
-2.0565434,-0.93212396,0.16040313,41.0,
-2.050005,-0.9348686,0.16723159,0.0,
-2.0774906,-0.92046046,0.15445152,100.0,
-2.1031215,-0.92046046,0.15445152,61.0,
-2.0765023,-0.93579656,0.16328087,39.0,
-2.077604,-0.9360817,0.15756427,0.0,
-2.0777385,-0.9344329,0.16691414,100.0,
-2.0633996,-0.9344329,0.16691414,59.0,
-2.0589797,-0.93679476,0.16793904,41.0,
-2.063409,-0.9331858,0.17608489,0.0,
-2.0725613,-0.92820555,0.17453173,100.0,
-2.0793004,-0.92820555,0.17453173,59.0,
-2.0622473,-0.93920004,0.16536471,41.0,
-2.0775108,-0.9308867,0.16197255,0.0,
-2.0889518,-0.9239343,0.16387881,100.0,
-2.0717807,-0.93456787,0.15942617,53.0,
-2.1276546,-0.93456787,0.15942617,6.0,
-2.1222012,-0.9358654,0.17891671,124.0,
-2.1213713,-0.9362775,0.17953968,0.0,
-2.0993686,-0.9362775,0.17953968,76.0,
-2.089693,-0.94423497,0.16283005,57.0,
-2.1249716,-0.9230966,0.16121903,0.0,
-2.1059396,-0.93385553,0.16801196,134.0,
-2.1126683,-0.9304514,0.16288048,0.0,
-2.1108112,-0.9304514,0.16288048,9.0,
-2.1152112,-0.927318,0.16571349,124.0,
-2.1080537,-0.9301245,0.17768307,0.0,
-2.0977018,-0.9301245,0.17768307,77.0,
-2.0926595,-0.9348176,0.16169567,57.0,
-2.090256,-0.93577784,0.16514958,0.0,
-2.0938587,-0.93216425,0.17891672,134.0,
-2.107155,-0.92634875,0.16232306,0.0,
-2.0822926,-0.92634875,0.16232306,8.0,
-2.0551157,-0.9401679,0.17385302,125.0,
-2.085229,-0.92472005,0.16176896,0.0,
-2.0412257,-0.92472005,0.16176896,76.0,
-2.016292,-0.9372532,0.1714437,57.0,
-2.034697,-0.9275002,0.16795167,0.0,
-2.017573,-0.9364474,0.17204005,134.0,
-2.0229185,-0.9335743,0.17144369,0.0,
-2.0472872,-0.9335743,0.17144369,9.0,
-2.0552456,-0.9279307,0.17427087,125.0,
-2.0475388,-0.93494856,0.16400725,0.0,
-2.1489456,-0.93494856,0.16400725,76.0,
-2.1662605,-0.9235227,0.1713149,57.0,
-2.165615,-0.9241787,0.16852371,0.0,
-2.1567144,-0.9309766,0.1560632,134.0,
-2.1743054,-0.91934836,0.16121905,0.0,
-2.065899,-0.91934836,0.16121905,8.0,
-2.0409207,-0.93451035,0.15370867,126.0,
-2.0352147,-0.9380602,0.15131627,0.0,
-2.1279874,-0.9380602,0.15131627,76.0,
-2.1311884,-0.9318641,0.18235002,57.0,
-2.1341498,-0.93052185,0.17829755,0.0,
-2.1514845,-0.9212122,0.16403,134.0,
-2.1236815,-0.9396245,0.15935154,0.0,
-2.0568695,-0.9396245,0.15935154,9.0,
-2.0636606,-0.9349427,0.165491,91.0,
-2.0573957,-0.9346908,0.19453262,99.0,
-2.0533779,-0.93795663,0.18583749,0.0,
-2.0889285,-0.93795663,0.18583749,9.0,
-2.1096034,-0.9289166,0.16110294,91.0,
-2.1096964,-0.9300667,0.14984362,101.0,
-2.1042948,-0.93158925,0.1646377,0.0,
-2.0897372,-0.93158925,0.1646377,9.0,
-2.1106129,-0.9185862,0.16699524,141.0,
-2.100986,-0.9245026,0.16677867,0.0,
-2.1361225,-0.9245026,0.16677867,59.0,
-2.1287344,-0.9306042,0.14776607,40.0,
-2.1286495,-0.9295789,0.15877753,0.0,
-2.124213,-0.9311293,0.16975293,100.0,
-2.0863886,-0.9311293,0.16975293,60.0,
-2.0851462,-0.9324203,0.16628683,40.0,
-2.069638,-0.9399908,0.17763586,0.0,
-2.0834298,-0.934643,0.15888107,100.0,
-2.0513995,-0.934643,0.15888107,60.0,
-2.0750923,-0.92088675,0.16052932,40.0,
-2.0489833,-0.93681353,0.15336603,0.0,
-2.0688016,-0.92517185,0.15557751,101.0,
-2.0552156,-0.92517185,0.15557751,59.0,
-2.0442934,-0.9289268,0.17213713,41.0,
-2.0432644,-0.93019235,0.16835488,0.0,
-2.025634,-0.94013625,0.17100608,100.0,
-2.1121705,-0.94013625,0.17100608,59.0,
-2.123082,-0.93474567,0.16165997,40.0,
-2.1403854,-0.9234979,0.16739625,0.0,
-2.1418707,-0.92395437,0.15485589,100.0,
-2.13142,-0.92395437,0.15485589,60.0,
-2.1069834,-0.93920946,0.15570122,40.0,
-2.118318,-0.9319021,0.15744701,0.0,
-2.142159,-0.91709936,0.15425386,100.0,
-2.1593442,-0.91709936,0.15425386,59.0,
-2.1267734,-0.93615997,0.16326833,40.0,
-2.1485677,-0.92399216,0.15293516,0.0,
-2.158668,-0.9169936,0.15989327,101.0,
-2.0906975,-0.9169936,0.15989327,59.0,
-2.088743,-0.9190472,0.1545253,40.0,
-2.09882,-0.9144498,0.14274739,0.0,
-2.0436196,-0.9459551,0.1586351,100.0,
-2.0507812,-0.9459551,0.1586351,60.0,
-2.0728588,-0.930456,0.17676564,40.0,
-2.0809216,-0.9249475,0.18294694,0.0,
-2.0737474,-0.9324377,0.15923299,100.0,
-2.0689187,-0.9324377,0.15923299,59.0,
-2.0644841,-0.93533355,0.15840787,40.0,
-2.076122,-0.92663074,0.16703951,0.0,
-2.0743418,-0.92622787,0.17628151,100.0,
-2.1216624,-0.92622787,0.17628151,60.0,
-2.1104405,-0.93319297,0.17026171,40.0,
-2.1060982,-0.9385734,0.14387813,0.0,
-2.1146762,-0.93278056,0.15083306,100.0,
-2.0749135,-0.93278056,0.15083306,60.0,
-2.0752747,-0.9314213,0.1590164,40.0,
-2.067548,-0.93718934,0.15012996,0.0,
-2.0880342,-0.9251734,0.14964348,101.0,
-2.034758,-0.9251734,0.14964348,59.0,
-2.0237153,-0.9336653,0.13749774,41.0,
-2.0498374,-0.91747063,0.14233609,0.0,
-2.0287554,-0.92874193,0.14908975,100.0,
-2.0933719,-0.92874193,0.14908975,59.0,
-2.0834184,-0.9339305,0.15322189,40.0,
-2.0973034,-0.9255005,0.15792061,0.0,
-2.0905015,-0.9292213,0.15930122,101.0,
-2.055679,-0.9292213,0.15930122,60.0,
-2.0507987,-0.93251044,0.15741915,40.0,
-2.053074,-0.93187606,0.15318856,0.0,
-2.0588002,-0.9276893,0.15713452,100.0,
-2.120085,-0.9276893,0.15713452,60.0,
-2.1215105,-0.9278268,0.14864957,40.0,
-2.1240134,-0.9255973,0.15462871,0.0,
-2.1205528,-0.92900294,0.14382163,100.0,
-2.0927627,-0.92900294,0.14382163,59.0,
-2.096675,-0.92448485,0.15732037,40.0,
-2.0747464,-0.93714064,0.16235851,0.0,
-2.0854337,-0.93079543,0.16147678,101.0,
-2.091178,-0.9262624,0.16838194,53.0,
-2.0904682,-0.9262624,0.16838194,6.0,
-2.086789,-0.9284967,0.16743156,0.0,
-2.093178,-0.9267309,0.1516064,123.0,
-2.087669,-0.9311358,0.14287794,0.0,
-2.0586402,-0.9311358,0.14287794,76.0,
-2.0554252,-0.93406445,0.13599801,57.0,
-2.0312715,-0.94572353,0.14941624,0.0,
-2.059467,-0.9307281,0.14238524,134.0,
-2.0599537,-0.93096054,0.1389585,0.0,
-2.078701,-0.93096054,0.1389585,8.0,
-2.0635624,-0.94278026,0.123916425,125.0,
-2.0909803,-0.9219955,0.14820999,0.0,
-2.0871165,-0.9219955,0.14820999,77.0,
-2.0576816,-0.93891716,0.15238018,56.0,
-2.0653179,-0.9347624,0.15026659,0.0,
-2.086551,-0.92248327,0.1472029,135.0,
-2.066204,-0.9346138,0.14784993,0.0,
-2.1078963,-0.9346138,0.14784993,8.0,
-2.1083033,-0.9348579,0.14437734,124.0,
-2.1162367,-0.9296566,0.14631552,0.0,
-2.1202834,-0.9296566,0.14631552,77.0,
-2.1248899,-0.9276393,0.13943964,56.0,
-2.121539,-0.9299514,0.13552845,0.0,
-2.1208804,-0.92936647,0.14575979,134.0,
-2.1180394,-0.93116236,0.14390142,0.0,
-2.0489118,-0.93116236,0.14390142,9.0,
-2.0584557,-0.9244147,0.14848351,141.0,
-2.0448592,-0.9310603,0.15801035,0.0,
-2.1371987,-0.9310603,0.15801035,59.0,
-2.1417713,-0.92935276,0.14663813,40.0,
-2.136411,-0.93371016,0.13337885,0.0,
-2.1470296,-0.9255259,0.1559868,101.0,
-2.0813637,-0.9255259,0.1559868,59.0,
-2.0970483,-0.9177911,0.14344735,40.0,
-2.05615,-0.9420679,0.14343289,0.0,
-2.0717006,-0.93252563,0.14655687,101.0,
-2.0820436,-0.93252563,0.14655687,60.0,
-2.1010675,-0.92147404,0.14453326,40.0,
-2.1137216,-0.91336435,0.14809549,0.0,
-2.1042953,-0.91958994,0.1439962,100.0,
-2.176466,-0.91958994,0.1439962,59.0,
-2.1539567,-0.93350685,0.14869887,42.0,
-2.150656,-0.93430096,0.16020402,0.0,
-2.1682458,-0.92228115,0.1713149,53.0,
-2.144671,-0.92228115,0.1713149,104.0,
-2.1457121,-0.92423356,0.14838536,40.0,
-2.1441388,-0.92657614,0.13773271,0.0,
-2.127072,-0.93430537,0.16160862,100.0,
-2.071645,-0.93430537,0.16160862,60.0,
-2.1016417,-0.9136137,0.18819171,40.0,
-2.0771887,-0.93056524,0.16542031,0.0,
-2.063713,-0.9419343,0.14150909,100.0,
-2.0353723,-0.9419343,0.14150909,59.0,
-2.0439932,-0.9357267,0.14919648,41.0,
-2.0426013,-0.9345536,0.16187814,0.0,
-2.0253344,-0.9439666,0.16343288,100.0,
-1.9855856,-0.9439666,0.16343288,59.0,
-2.0146122,-0.9342654,0.12735549,40.0,
-2.0192966,-0.9257812,0.15806179,0.0,
-2.013755,-0.92557466,0.1779242,101.0,
-2.158803,-0.92557466,0.1779242,59.0,
-2.1266673,-0.94291764,0.18467845,40.0,
-2.1611629,-0.9251977,0.16078538,0.0,
-2.1518822,-0.9309172,0.15564041,101.0,
-2.1107976,-0.9309172,0.15564041,59.0,
-2.1052265,-0.9333786,0.16259654,41.0,
-2.090289,-0.94096154,0.17255433,0.0,
-2.0804281,-0.94644344,0.17470443,100.0,
-2.0366306,-0.94644344,0.17470443,60.0,
-2.0521734,-0.9381249,0.17209148,40.0,
-2.0489645,-0.9395406,0.17476535,0.0,
-2.0619318,-0.9321016,0.17536892,100.0,
-2.0655868,-0.9321016,0.17536892,60.0,
-2.0610971,-0.9342087,0.17869444,41.0,
-2.0664132,-0.93169254,0.17488536,0.0,
-2.0937135,-0.9169926,0.1641759,100.0,
-2.1317163,-0.9169926,0.1641759,59.0,
-2.1105218,-0.930274,0.1596077,40.0,
-2.0978599,-0.9341021,0.19048887,0.0,
-2.076014,-0.9428301,0.22090885,101.0,
-2.0250638,-0.9428301,0.22090885,58.0,
-2.0333755,-0.94171846,0.19829063,40.0,
-2.045252,-0.9374259,0.18293348,0.0,
-2.027739,-0.9499593,0.16801235,100.0,
-2.0293622,-0.9499593,0.16801235,60.0,
-2.02771,-0.94994545,0.1741073,40.0,
-2.010149,-0.9570606,0.18798466,0.0,
-2.0196836,-0.95579606,0.16359638,101.0,
-2.0613844,-0.95579606,0.16359638,59.0,
-2.096287,-0.93491405,0.17354032,40.0,
-2.1189034,-0.920889,0.18305688,0.0,
-2.1038587,-0.9293582,0.18494858,100.0,
-2.0366695,-0.9293582,0.18494858,60.0,
-2.067297,-0.91417766,0.17603716,41.0,
-2.06113,-0.9180082,0.17087102,0.0,
-2.0377502,-0.92870253,0.18586425,100.0,
-2.0918741,-0.92870253,0.18586425,59.0,
-2.0984495,-0.92372864,0.19474803,40.0,
-2.0931008,-0.92762095,0.18867941,0.0,
-2.063098,-0.94673663,0.17676412,100.0,
-2.027596,-0.94673663,0.17676412,60.0,
-1.9833764,-0.966833,0.19462322,40.0,
-2.0407543,-0.939945,0.17462957,0.0,
-2.0656998,-0.9246138,0.18769552,100.0,
-2.1003826,-0.9246138,0.18769552,59.0,
-2.1084983,-0.9196858,0.18847878,40.0,
-2.1041467,-0.9229858,0.18261763,0.0,
-2.081092,-0.937042,0.17938027,100.0,
-2.0897417,-0.937042,0.17938027,60.0,
-2.0963166,-0.9323854,0.18695319,40.0,
-2.0784535,-0.9405463,0.20306692,0.0,
-2.1061509,-0.9274568,0.18024725,100.0,
-2.130394,-0.9274568,0.18024725,59.0,
-2.1264517,-0.92982554,0.17952643,41.0,
-2.127003,-0.92897546,0.1851967,0.0,
-2.1090217,-0.9402386,0.17597196,100.0,
-2.0220096,-0.9402386,0.17597196,59.0,
-2.0471706,-0.9268991,0.17054257,40.0,
-2.0422554,-0.92934316,0.17296831,0.0,
-2.0304666,-0.93557733,0.17567457,100.0,
-2.052947,-0.93557733,0.17567457,60.0,
-2.047658,-0.9378131,0.18078412,41.0,
-2.0694003,-0.9249319,0.18481517,0.0,
-2.0719378,-0.92291546,0.18923517,100.0,
-2.1012096,-0.92291546,0.18923517,59.0,
-2.0769634,-0.9362567,0.19216563,40.0,
-2.0885553,-0.93081135,0.18308702,0.0,
-2.0884938,-0.9322197,0.17156763,100.0,
-2.0115829,-0.9322197,0.17156763,60.0,
-1.9996293,-0.93678343,0.1835969,40.0,
-1.9993697,-0.9344057,0.19950049,0.0,
-2.007555,-0.93079454,0.19461052,100.0,
-2.011945,-0.93079454,0.19461052,60.0,
-1.9924308,-0.9420425,0.19003366,40.0,
-2.0020962,-0.9389936,0.17715621,0.0,
-2.0085235,-0.9349477,0.18023778,100.0,
-2.055971,-0.9349477,0.18023778,59.0,
-2.044433,-0.9412215,0.1830637,40.0,
-2.050822,-0.9363571,0.1902758,0.0,
-2.0461504,-0.9399905,0.18449537,100.0,
-2.0925648,-0.9399905,0.18449537,59.0,
-2.0924773,-0.9396232,0.18756405,40.0,
-2.0933487,-0.93875813,0.19018634,0.0,
-2.1064541,-0.9304513,0.19460638,101.0,
-2.0466034,-0.9304513,0.19460638,59.0,
-2.0240169,-0.9433773,0.19147263,40.0,
-2.050939,-0.92959493,0.18341501,0.0,
-2.0348125,-0.9379285,0.18827723,100.0,
-2.0250864,-0.9379285,0.18827723,59.0,
-2.0163393,-0.94071305,0.20067273,40.0,
-2.006812,-0.9472418,0.19599333,0.0,
-2.0022318,-0.9515889,0.1880073,100.0,
-2.0730786,-0.9515889,0.1880073,61.0,
-2.081715,-0.9479763,0.17866555,38.0,
-2.0867636,-0.9441354,0.18515791,0.0,
-2.0855286,-0.94452006,0.18757156,101.0,
-2.0705905,-0.94452006,0.18757156,59.0,
-2.0581095,-0.95175564,0.18680167,40.0,
-2.0700288,-0.9456164,0.18232693,0.0,
-2.079922,-0.9410738,0.17403549,100.0,
-2.0914662,-0.9410738,0.17403549,59.0,
-2.088992,-0.9418063,0.17955537,40.0,
-2.1027467,-0.93599695,0.16231406,0.0,
-2.0830045,-0.9455219,0.17670904,56.0,
-2.0936995,-0.9455219,0.17670904,104.0,
-2.0740285,-0.956335,0.18057054,40.0,
-2.1107154,-0.9348478,0.18136898,0.0,
-2.1120858,-0.9336819,0.18420887,100.0,
-2.0329561,-0.9336819,0.18420887,60.0,
-2.0256486,-0.9388082,0.1810444,40.0,
-2.0152385,-0.9445607,0.18382695,0.0,
-2.0250282,-0.94003755,0.17694254,100.0,
-2.035934,-0.94003755,0.17694254,59.0,
-2.0368276,-0.9386824,0.18276182,42.0,
-2.0116224,-0.95113844,0.19029713,0.0,
-2.0332308,-0.94002074,0.18707229,98.0,
-2.1646793,-0.94002074,0.18707229,59.0,
-2.1532316,-0.9468001,0.18575367,42.0,
-2.1439435,-0.95284873,0.1780834,0.0,
-2.1596477,-0.9434434,0.18119846,99.0,
-2.0707197,-0.9434434,0.18119846,59.0,
-2.0296824,-0.964725,0.18792368,40.0,
-2.027907,-0.9644083,0.19624826,0.0,
-2.0728292,-0.9423621,0.18046182,101.0,
-2.1147625,-0.9423621,0.18046182,59.0,
-2.1096964,-0.9448739,0.18384093,40.0,
-2.1279173,-0.93581253,0.17033702,0.0,
-2.026408,-0.9933896,0.1596354,100.0,
-1.8207089,-0.9933896,0.1596354,60.0,
-1.6528991,-1.0457472,0.22303237,41.0,
-1.9067886,-0.95047605,0.18049444,0.0,
-2.1628191,-0.83762574,-0.091332205,99.0,
-2.0734694,-0.83762574,-0.091332205,59.0,
-2.0188613,-0.8818945,-0.10796289,41.0,
-1.9798087,-0.9086475,-0.1047671,0.0,
-1.9053087,-0.93189883,-0.015373039,100.0,
-1.8593105,-0.93189883,-0.015373039,59.0,
-1.9377317,-0.8649445,0.078850456,41.0,
-1.982201,-0.8487976,0.02197356,0.0,
-1.9787627,-0.8514473,0.019205067,99.0,
-1.9922476,-0.8514473,0.019205067,59.0,
-1.9567424,-0.86960846,0.04473832,42.0,
-1.9229555,-0.8979702,0.021942493,0.0,
-1.7226131,-0.9897783,0.10250656,99.0,
-1.7285347,-0.9897783,0.10250656,59.0,
-1.6994174,-0.96439,0.21580698,40.0,
-1.778887,-0.9296652,0.19806613,0.0,
-1.7536548,-0.9439251,0.19421089,101.0,
-1.7455227,-0.9439251,0.19421089,59.0,
-1.8463016,-0.90135896,0.17739451,40.0,
-1.8256308,-0.9312631,0.094212525,0.0,
-1.8908739,-0.90604687,0.05226379,101.0,
-1.9157466,-0.90604687,0.05226379,60.0,
-1.750593,-1.0016971,0.08264752,39.0,
-1.3615429,-1.013986,0.5010653,0.0,
-2.3438387,-0.7256011,0.7181604,100.0,
-2.862077,-0.7256011,0.7181604,60.0,
-2.780767,-0.24895015,0.41451588,40.0,
-2.6358392,-0.28272316,0.22723664,0.0,
-2.4482853,-0.34714797,-0.17587624,100.0,
-2.7672062,-0.34714797,-0.17587624,59.0,
-2.564274,-0.50342375,-0.43093014,41.0,
-2.4818547,-0.6493947,-0.34710905,0.0,
-2.3738017,-0.78935474,-0.19031386,100.0,
-2.31394,-0.78935474,-0.19031386,60.0,
-2.5754642,-0.67001885,-0.08413948,40.0,
-2.7415771,-0.5259279,-0.04521401,0.0,
-2.753507,-0.58589345,0.013224921,99.0,
-2.1446958,-0.58589345,0.013224921,59.0,
-2.3499472,-0.5148212,0.27424514,41.0,
-2.7505126,-0.42515618,0.51918024,0.0,
-2.8473299,-0.42285293,0.577181,100.0,
-2.466298,-0.42285293,0.577181,59.0,
-2.475664,-0.35281965,0.5086423,41.0,
-2.5191643,-0.35820147,0.54385364,0.0,
-2.4479852,-0.3372824,0.47027904,100.0,
-1.9601448,-0.3372824,0.47027904,60.0,
-2.1783972,-0.21656847,0.51085603,40.0,
-2.521217,-0.059484392,0.6444614,0.0,
-2.5959935,-0.059924673,0.6973703,100.0,
-2.584275,-0.059924673,0.6973703,61.0,
-2.6430128,-0.13090666,0.7877621,39.0,
-2.3586276,-0.25471422,0.67706615,0.0,
-2.1426506,-0.35025072,0.5997584,100.0,
-2.6282222,-0.35025072,0.5997584,59.0,
-2.4830184,-0.4514612,0.5640779,40.0,
-2.3317516,-0.5330651,0.5310236,0.0,
-2.2163086,-0.563216,0.43544438,102.0,
-2.8188972,-0.563216,0.43544438,57.0,
-2.7184427,-0.69370186,0.4341134,40.0,
-2.3229425,-0.8378495,0.21561763,0.0,
-2.3105795,-0.8114931,0.035142317,100.0,
-2.54158,-0.8114931,0.035142317,59.0,
-2.5486763,-0.68455744,-0.17622367,42.0,
-2.5342622,-0.699813,-0.17282575,0.0,
-2.494991,-0.74110544,-0.1556012,99.0,
-2.150339,-0.74110544,-0.1556012,59.0,
-2.1710184,-0.7333469,-0.1322574,41.0,
-2.3999364,-0.62260205,-0.0495505,0.0,
-2.6827233,-0.40968236,0.028080015,100.0,
-1.903075,-0.40968236,0.028080015,59.0,
-2.059417,-0.3080039,0.03911931,40.0,
-2.4851344,-0.04993884,0.19687743,0.0,
-2.7821715,0.15020993,0.34277332,100.0,
-2.9759696,0.15020993,0.34277332,60.0,
-2.6872096,0.077386305,0.12811394,41.0,
-2.362499,-0.16381751,-0.0029898037,0.0,
-2.0386546,-0.33223048,-0.26496372,100.0,
-2.4699674,-0.33223048,-0.26496372,59.0,
-2.4155133,-0.49461734,-0.08054228,40.0,
-2.2509174,-0.7052632,0.110251375,0.0,
-2.0904953,-0.81586546,0.29595327,100.0,
-2.2932982,-0.81586546,0.29595327,60.0,
-2.1873603,-0.88360167,0.29925022,40.0,
-2.070411,-0.9489169,0.26780978,0.0,
-2.0155885,-0.975209,0.27561307,100.0,
-1.9344174,-0.975209,0.27561307,59.0,
-1.9660779,-0.9700285,0.20871949,40.0,
-2.082894,-0.91795087,0.16696677,0.0,
-2.1239586,-0.89966583,0.1079359,101.0,
-2.157838,-0.89966583,0.1079359,58.0,
-2.1736224,-0.8895107,0.11625942,40.0,
-2.1654572,-0.8933195,0.14337985,0.0,
-2.1764855,-0.88659596,0.14932187,100.0,
-2.072315,-0.88659596,0.14932187,61.0,
-2.0866838,-0.87836903,0.15045464,39.0,
-2.0696645,-0.8873224,0.15797956,0.0,
-2.0302527,-0.91012937,0.14513779,100.0,
-2.0488963,-0.91012937,0.14513779,60.0,
-2.024235,-0.9206187,0.16989027,40.0,
-2.0423584,-0.91076005,0.16700462,0.0,
-2.0520792,-0.90533465,0.1656157,100.0,
-2.148202,-0.90533465,0.1656157,59.0,
-2.1445305,-0.9069386,0.17462842,40.0,
-2.155646,-0.90102786,0.16370095,0.0,
-2.14428,-0.90757716,0.16662036,100.0,
-2.1312459,-0.90757716,0.16662036,60.0,
-2.1387784,-0.9019263,0.18075058,40.0,
-2.1990662,-0.8652901,0.15124533,0.0,
-2.112485,-0.91879374,0.16580273,100.0,
-2.1912153,-0.91879374,0.16580273,59.0,
-2.0857322,-0.9787546,0.2001632,40.0,
-2.0791786,-0.984824,0.18415445,0.0,
-2.1001704,-0.9754124,0.16764008,101.0,
-2.093201,-0.9754124,0.16764008,61.0,
-2.1233032,-0.9556894,0.17395498,39.0,
-2.1105473,-0.9609165,0.19094114,0.0,
-2.1093242,-0.96351695,0.17938325,100.0,
-2.0968964,-0.96351695,0.17938325,59.0,
-2.0834177,-0.97514164,0.15757956,41.0,
-2.0740693,-0.9833434,0.14328028,0.0,
-2.0664592,-0.9907302,0.128935,99.0,
-2.0942526,-0.9907302,0.128935,60.0,
-2.09108,-1.0322828,-0.0328625,40.0,
-2.0625925,-1.0587662,-0.05570279,0.0,
-1.9726018,-1.0820476,0.047826625,100.0,
-1.9827107,-1.0820476,0.047826625,59.0,
-1.9704489,-1.021173,0.29213396,40.0,
-1.9871476,-1.0036713,0.34097585,0.0,
-1.9757138,-1.0136769,0.31655598,101.0,
-2.0337322,-1.0136769,0.31655598,59.0,
-2.0381277,-1.0379761,0.17649306,41.0,
-2.0055423,-1.0890026,0.05845458,0.0,
-1.9610382,-1.1159768,0.055392455,99.0,
-1.989873,-1.1159768,0.055392455,59.0,
-1.9992852,-1.11306,0.04715033,41.0,
-1.9541539,-1.1243988,0.0920986,0.0,
-1.9702544,-1.0724688,0.22467268,100.0,
-1.777539,-1.0724688,0.22467268,60.0,
-1.8850985,-0.98940384,0.30740458,40.0,
-1.7967604,-1.0228869,0.34618798,0.0,
-1.7070267,-1.0655845,0.34360853,101.0,
-1.2357066,-1.0655845,0.34360853,59.0,
-1.8570937,-0.8823842,0.14765482,40.0,
-1.9925491,-0.82543564,0.04165306,0.0,
-2.003702,-0.8186486,0.03925084,100.0,
-2.1251876,-0.8186486,0.03925084,60.0,
-2.052474,-0.8618447,0.10855783,40.0,
-1.8498088,-0.9720726,0.18028328,0.0,
-1.9288721,-0.90745044,0.26631358,100.0,
-1.8280365,-0.90745044,0.26631358,59.0,
-1.7786816,-0.9212255,0.31377903,41.0,
-1.6457942,-0.96359277,0.39374056,0.0,
-1.863654,-0.9467228,0.097031966,100.0,
-1.7427946,-0.9467228,0.097031966,60.0,
-1.5801309,-0.9403066,0.33545798,40.0,
-1.5883461,-0.9157882,0.38637558,0.0,
-1.6144111,-0.90673375,0.3760762,100.0,
-1.6065917,-0.90673375,0.3760762,59.0,
-1.7030468,-0.8606207,0.355064,40.0,
-1.6099786,-0.8897616,0.41458583,0.0,
-1.3153286,-0.96681464,0.55503625,100.0,
-1.2646632,-0.96681464,0.55503625,59.0,
-1.4611578,-0.9483849,0.42754382,40.0,
-1.7209492,-0.87529725,0.30253142,0.0,
-1.7424787,-0.86603916,0.29697514,100.0,
-1.8617034,-0.86603916,0.29697514,59.0,
-1.8499554,-0.8612039,0.34512156,41.0,
-1.838816,-0.855222,0.40113422,0.0,
-1.8245287,-0.85680175,0.42908224,99.0,
-1.9133843,-0.85680175,0.42908224,60.0,
-1.9487656,-0.8562159,0.33054456,41.0,
-1.8005857,-0.93355155,0.3742144,0.0,
-1.6895748,-0.9664386,0.4515833,100.0,
-1.801107,-0.9664386,0.4515833,59.0,
-1.7745684,-0.979262,0.4509958,40.0,
-1.8155781,-0.95835125,0.4560012,0.0,
-1.8901722,-0.93240887,0.40658697,100.0,
-1.911083,-0.93240887,0.40658697,60.0,
-1.9729295,-0.9030155,0.38882124,41.0,
-1.9595944,-0.9223002,0.32770348,0.0,
-1.9653461,-0.92042935,0.32079092,98.0,
-1.8564608,-0.92042935,0.32079092,60.0,
-1.8671783,-0.92483747,0.28313088,40.0,
-1.8554186,-0.94081515,0.25416654,0.0,
-1.8262013,-0.92515934,0.36480284,101.0,
-1.7815242,-0.92515934,0.36480284,59.0,
-1.6823606,-0.9640402,0.4044079,40.0,
-1.7857338,-0.9062317,0.42303136,0.0,
-1.7771642,-0.90508753,0.44379702,100.0,
-1.9610412,-0.90508753,0.44379702,59.0,
-1.9572784,-0.9184127,0.38709477,41.0,
-1.8411846,-0.983004,0.3875945,0.0,
-1.7215432,-1.0272057,0.4391067,103.0,
-1.7416362,-1.0272057,0.4391067,59.0,
-1.7058165,-1.0640289,0.38562256,39.0,
-1.744365,-1.0482184,0.37458006,0.0,
-1.7174947,-1.0456436,0.419737,100.0,
-1.663682,-1.0456436,0.419737,63.0,
-1.7141373,-1.0239093,0.41146082,37.0,
-1.7359918,-1.0180418,0.3967437,0.0,
-1.775105,-1.0180418,0.3967437,159.0,
-1.7793425,-1.0379117,0.31860536,40.0,
-1.7738022,-1.0379117,0.31860536,160.0,
-1.7268587,-1.070224,0.2871381,40.0,
-1.7594292,-1.070224,0.2871381,161.0,
-1.7736485,-1.0836809,0.22768661,40.0,
