-0.9117116,-0.6765733,-0.26796636,23.0,
-0.95772296,-0.73951,-0.35570353,16.0,
-1.0288513,-0.80293113,-0.46833828,21.0,
-1.0540562,-0.8304597,-0.5115789,16.0,
-1.0438949,-0.8568701,-0.5170504,38.0,
-0.9927228,-0.8876366,-0.4829974,0.0,
-0.9017135,-0.9256131,-0.41495275,38.0,
-0.7793706,-0.9418631,-0.31026503,20.0,
0.3554653,-0.9418631,-0.31026503,0.0,
0.54291266,-0.9668736,-0.20411325,0.0,
0.68475735,-0.995271,-0.10351327,18.0,
0.8014072,-1.0177342,-0.010091566,19.0,
0.85249406,-1.025495,0.03231422,19.0,
0.75589806,-1.065188,-0.005029366,39.0,
0.7219853,-1.0770934,-0.020412186,0.0,
0.6898951,-1.0946889,-0.031053137,18.0,
0.63500637,-1.1173707,-0.05555269,19.0,
0.5674563,-1.1056006,-0.1094162,32.0,
0.521373,-1.090516,-0.14835073,5.0,
0.49444622,-1.0887579,-0.1667978,20.0,
0.4590161,-1.0887579,-0.1667978,5.0,
0.46614406,-1.0969919,-0.15835567,13.0,
0.45715576,-1.0937455,-0.16545103,19.0,
0.5466126,-1.0754347,-0.121003225,19.0,
0.61585057,-1.0570111,-0.09037766,20.0,
0.6359283,-1.0473228,-0.08476756,20.0,
0.6700124,-1.0340033,-0.07364147,19.0,
0.674644,-1.0252234,-0.07739975,20.0,
0.65459526,-1.0243822,-0.089959845,37.0,
0.6253224,-1.0287125,-0.10409006,0.0,
0.5988255,-1.0300333,-0.118604064,19.0,
0.60347867,-1.0300333,-0.118604064,19.0,
0.5813346,-1.033017,-0.12876272,18.0,
0.58434874,-1.0393314,-0.12281756,0.0,
0.59963125,-1.0497462,-0.10704861,18.0,
0.5934709,-1.058429,-0.10467439,20.0,
0.62022394,-1.060337,-0.08764428,19.0,
0.5857827,-1.0734788,-0.099115185,20.0,
0.5746107,-1.0900247,-0.095055565,37.0,
0.48649773,-1.0998307,-0.14240733,0.0,
0.46689802,-1.0792904,-0.16490526,19.0,
0.39516085,-1.061458,-0.21336754,19.0,
0.3843353,-1.061458,-0.21336754,19.0,
0.260835,-1.0367361,-0.28440288,0.0,
0.16028127,-1.023031,-0.3342676,34.0,
0.2025905,-1.0460135,-0.30966496,6.0,
0.30939993,-1.0510955,-0.25590032,36.0,
0.36842462,-1.0542204,-0.22480892,0.0,
0.44863033,-1.077796,-0.1707473,19.0,
0.52238464,-1.0903906,-0.121570535,18.0,
0.62172824,-1.0754528,-0.07241206,81.0,
0.6265024,-1.044696,-0.09184863,0.0,
0.6259811,-1.0242304,-0.107261516,0.0,
0.50423706,-1.0275902,-0.16915655,0.0,
0.53011304,-1.0275902,-0.16915655,0.0,
0.418333,-1.0271183,-0.22496681,95.0,
0.20587404,-1.028422,-0.32349965,0.0,
0.09231307,-1.0126002,-0.3761432,0.0,
0.14904612,-1.0240052,-0.34986806,0.0,
0.2837569,-1.0147268,-0.2926054,0.0,
0.39988086,-0.99933773,-0.24732699,114.0,
0.42493632,-0.99933773,-0.24732699,0.0,
0.51671875,-0.9885223,-0.21223852,0.0,
0.54591405,-0.99813884,-0.19232997,0.0,
0.5307745,-1.0190648,-0.18590195,0.0,
0.50622344,-1.0425894,-0.1836375,0.0,
0.47591713,-1.0780113,-0.17921431,4.0,
0.42322004,-1.0866939,-0.2036895,92.0,
0.4184513,-1.0742611,-0.2124349,0.0,
0.46676305,-1.0364367,-0.20736147,0.0,
0.4964947,-1.0166116,-0.20426704,0.0,
0.4918893,-1.0289156,-0.19914967,0.0,
0.36555302,-1.0739887,-0.2405969,100.0,
0.41921008,-1.1264567,-0.18658072,0.0,
0.26167443,-1.1557531,-0.26940146,0.0,
0.1720824,-1.0993865,-0.3342849,0.0,
0.18158805,-1.0993865,-0.3342849,0.0,
0.29993004,-0.99298584,-0.30950972,94.0,
0.53580594,-0.9198284,-0.25644013,0.0,
0.8089325,-0.8456078,-0.22630571,0.0,
0.8875805,-0.8631792,-0.17415905,0.0,
0.793394,-0.9392464,-0.13017912,0.0,
0.6503671,-1.002614,-0.1438483,0.0,
0.5264246,-1.0587908,-0.16892491,50.0,
0.40595183,-1.1112787,-0.20710695,0.0,
0.32467073,-1.1386133,-0.24280803,46.0,
0.3404101,-1.1339295,-0.23533484,0.0,
0.44263116,-1.0928342,-0.19547583,0.0,
0.4464912,-1.0928342,-0.19547583,0.0,
0.5816079,-1.0652301,-0.13663453,97.0,
0.6715172,-1.057385,-0.091026105,0.0,
0.7002978,-1.0548978,-0.07615357,0.0,
0.6668703,-1.0527735,-0.09738606,0.0,
0.5886911,-1.0482718,-0.14455396,0.0,
0.48470488,-1.0467215,-0.20052923,101.0,
0.37706864,-1.0458351,-0.25492182,0.0,
0.3323925,-1.044456,-0.27716377,0.0,
0.3377694,-1.0572776,-0.26935968,0.0,
0.38655874,-1.0666564,-0.2405987,0.0,
0.38874352,-1.0666564,-0.2405987,0.0,
0.49278346,-1.059949,-0.19137955,57.0,
0.6036352,-1.0445561,-0.14394097,0.0,
0.70096546,-1.0162024,-0.11555615,0.0,
0.7383747,-0.9980417,-0.11246065,54.0,
0.6878303,-1.0009485,-0.13575242,0.0,
0.6402216,-1.1676536,-0.031622633,0.0,
0.6746149,-1.0859177,-0.07176615,96.0,
0.69852626,-1.0859177,-0.07176615,0.0,
0.6098131,-1.0019467,-0.18775341,0.0,
0.38287607,-0.9741595,-0.30171567,0.0,
0.15122885,-1.1136729,-0.35971993,0.0,
0.02112072,-1.1269268,-0.4272567,97.0,
0.18492562,-0.97896296,-0.3729053,0.0,
0.24189958,-0.9353048,-0.3657795,0.0,
0.12906662,-0.9559931,-0.39668402,0.0,
0.08387578,-0.9712334,-0.40977874,0.0,
0.028862787,-0.96447396,-0.42892414,0.0,
0.028474828,-0.9607517,-0.42918882,43.0,
-0.06092228,-0.97007287,-0.45937887,0.0,
-0.0059237923,-0.97007287,-0.45937887,53.0,
0.0020761343,-1.0012013,-0.45652777,0.0,
0.117733605,-1.0071689,-0.41095108,0.0,
0.28696018,-1.0189303,-0.3385533,97.0,
0.565408,-1.014376,-0.21565638,0.0,
0.6393516,-1.053448,-0.14825575,0.0,
0.69906247,-1.0679858,-0.10231262,0.0,
0.6847147,-1.0923835,-0.090835094,0.0,
0.68172884,-1.1044705,-0.08297826,0.0,
0.72756726,-1.1018595,-0.056167293,100.0,
0.747883,-1.1018595,-0.056167293,0.0,
0.78880835,-1.081607,-0.04810835,0.0,
0.7978882,-1.0641047,-0.05886746,0.0,
0.7180891,-1.0526139,-0.11747813,0.0,
0.5862854,-1.0481169,-0.1938736,0.0,
0.45117113,-1.0414102,-0.2662879,39.0,
0.48136327,-1.0323831,-0.2570073,0.0,
0.58069175,-1.0325208,-0.20804144,58.0,
0.72296536,-1.0141932,-0.14908896,0.0,
0.83329964,-0.9902993,-0.11257726,0.0,
0.9514118,-0.9589434,-0.08169614,101.0,
0.95392954,-0.9589434,-0.08169614,0.0,
1.00351,-0.9260815,-0.0968591,0.0,
0.6789241,-1.0447463,-0.1468472,0.0,
0.65706336,-1.1012005,-0.113943145,0.0,
0.6573838,-1.1469089,-0.07880241,0.0,
0.63422936,-1.1187665,-0.114640735,107.0,
0.45168653,-1.0859648,-0.24123059,0.0,
0.5420013,-1.0370075,-0.22452359,0.0,
0.49447316,-1.0413033,-0.24525036,0.0,
0.59583443,-1.0183828,-0.211188,0.0,
0.707505,-1.0373317,-0.13738656,0.0,
0.85341835,-1.0207752,-0.06927289,25.0,
0.8476119,-1.0207752,-0.06927289,71.0,
0.858064,-1.0072542,-0.07766158,0.0,
0.7836683,-0.99909157,-0.12805428,0.0,
0.6729477,-1.0137239,-0.17235933,0.0,
0.65798897,-1.0222965,-0.17279749,96.0,
0.6999884,-1.0290577,-0.14487818,0.0,
0.78876245,-1.0272362,-0.09713393,0.0,
0.8255404,-1.0427741,-0.059743404,0.0,
0.86268866,-1.037162,-0.04263921,0.0,
0.89556843,-1.0333109,-0.026082821,0.0,
0.889633,-1.0333109,-0.026082821,100.0,
0.8882388,-1.0419242,-0.017505817,0.0,
0.87288433,-1.0455365,-0.023379488,0.0,
0.83665645,-1.0532721,-0.038097646,0.0,
0.8213003,-1.0496374,-0.051302303,0.0,
0.79485756,-1.0494915,-0.067502856,0.0,
0.81457764,-1.0377687,-0.06738138,23.0,
0.8389855,-1.0280678,-0.06283121,74.0,
0.82241,-1.0305408,-0.0701146,0.0,
0.80779105,-1.0296246,-0.079647005,0.0,
0.81759894,-1.023067,-0.08064614,0.0,
0.82261574,-1.0185847,-0.08239149,99.0,
0.8207458,-1.0185847,-0.08239149,0.0,
0.8212605,-1.0191985,-0.08145305,0.0,
0.8092119,-1.0270057,-0.08030183,0.0,
0.7856981,-1.0317501,-0.089036256,0.0,
0.7483782,-1.036996,-0.10512182,0.0,
0.763357,-1.0365083,-0.09712517,100.0,
0.7696616,-1.0371132,-0.09295083,0.0,
0.7332089,-1.0397972,-0.11101145,0.0,
0.7254315,-1.0342973,-0.12037339,0.0,
0.7420464,-1.024753,-0.120173834,0.0,
0.7657912,-1.0131063,-0.118535124,56.0,
0.78412724,-1.0057375,-0.11600659,0.0,
0.79692405,-1.003433,-0.11144667,0.0,
0.795509,-1.003433,-0.11144667,50.0,
0.805401,-1.0083973,-0.100896195,0.0,
0.8120906,-1.0204947,-0.084572546,0.0,
0.7961825,-1.0324775,-0.0814531,96.0,
0.7661465,-1.0435389,-0.087897435,0.0,
0.7553841,-1.0509479,-0.08708091,0.0,
0.73852855,-1.0642203,-0.08465106,0.0,
0.7485168,-1.0639873,-0.07896427,0.0,
0.76460636,-1.0478842,-0.08462951,0.0,
0.76954377,-1.0365651,-0.0926808,96.0,
0.7596343,-1.0365651,-0.0926808,0.0,
0.75696516,-1.0343442,-0.09631316,0.0,
0.82042235,-1.0075874,-0.08814412,0.0,
0.9044885,-0.9860712,-0.06516716,0.0,
0.8176009,-1.031746,-0.06432771,0.0,
0.62765294,-1.1349697,-0.0874571,61.0,
0.5809849,-1.0678321,-0.16389173,0.0,
0.55496186,-1.0805874,-0.16889778,0.0,
0.70385826,-1.0140615,-0.14367436,40.0,
0.8052309,-0.9533287,-0.15488373,0.0,
0.8952921,-0.9395502,-0.12732467,110.0,
0.9512829,-0.940413,-0.09704523,0.0,
0.8897254,-0.99189365,-0.06670574,0.0,
0.790847,-1.0748792,-0.03725741,0.0,
0.7273524,-1.0864182,-0.06552488,0.0,
0.70701885,-1.0864182,-0.06552488,0.0,
0.69600046,-1.0599283,-0.094987564,84.0,
0.7110245,-1.0531778,-0.09258707,0.0,
0.7553828,-1.0437564,-0.07648372,0.0,
0.7900583,-1.0378227,-0.06262363,0.0,
0.76940674,-1.0476122,-0.06477263,0.0,
0.74638635,-1.0420026,-0.08320455,98.0,
0.76753837,-1.0181798,-0.09481455,0.0,
0.79385126,-0.9932419,-0.10654034,0.0,
0.80568725,-0.98689413,-0.10721463,0.0,
0.7864283,-1.0166547,-0.08614152,0.0,
0.7747201,-1.0166547,-0.08614152,11.0,
0.7241241,-1.0440084,-0.087284066,96.0,
0.70322317,-1.0443345,-0.098410174,0.0,
0.714204,-1.032634,-0.10312126,0.0,
0.7472088,-1.0213693,-0.09619414,0.0,
0.71107954,-1.0241967,-0.112523876,0.0,
0.6972506,-1.0278579,-0.11637866,0.0,
0.6916449,-1.0278579,-0.11637866,96.0,
0.7189897,-1.0287815,-0.10123775,0.0,
0.75271326,-1.0327493,-0.07931304,0.0,
0.7502271,-1.0278418,-0.08541599,0.0,
0.76022106,-1.022825,-0.08491752,0.0,
0.7689147,-1.0169765,-0.086056076,0.0,
0.6766308,-1.0336021,-0.11908653,97.0,
0.68776953,-1.0681813,-0.08312005,0.0,
0.7295475,-1.0707371,-0.056840185,0.0,
0.82052237,-1.0579226,-0.014953441,0.0,
0.7900459,-1.024811,-0.066604644,0.0,
0.78956264,-1.024811,-0.066604644,116.0,
0.70634305,-1.0180311,-0.11740751,0.0,
0.6428687,-0.99239594,-0.1706169,0.0,
0.58256257,-1.011823,-0.18230563,0.0,
0.6340185,-1.0317868,-0.14192297,0.0,
0.73419577,-1.0243309,-0.09705271,0.0,
0.77983755,-1.0268508,-0.06991547,97.0,
0.7601617,-1.0325999,-0.07505812,0.0,
0.72941375,-1.0372814,-0.08739542,0.0,
0.7420092,-1.0244191,-0.09282256,0.0,
0.7870403,-1.0106388,-0.08253739,0.0,
0.7806741,-1.0188613,-0.07754371,0.0,
0.78307986,-1.0188613,-0.07754371,86.0,
0.73590267,-1.0331924,-0.08907995,0.0,
0.7019818,-1.0343634,-0.10615369,0.0,
0.68486404,-1.0290053,-0.119881004,0.0,
0.6903676,-1.0180483,-0.12684502,0.0,
0.7142177,-1.0156248,-0.11697902,106.0,
0.7411599,-1.0153408,-0.10336317,0.0,
0.8012549,-1.0053074,-0.08178154,0.0,
0.8293858,-1.0117344,-0.05952273,0.0,
0.7335224,-1.0421323,-0.0819706,0.0,
0.63143885,-1.0597186,-0.1221304,0.0,
0.63689756,-1.0597186,-0.1221304,97.0,
0.6571023,-1.0560817,-0.11422854,0.0,
0.7019942,-1.049197,-0.09575442,0.0,
0.68631166,-1.0182136,-0.13164042,0.0,
0.6792741,-0.9919745,-0.15859938,0.0,
0.7020444,-1.0269625,-0.1157211,97.0,
0.8688511,-1.0328025,-0.016320055,0.0,
0.90302074,-1.0164404,-0.014303174,0.0,
0.90804446,-1.0045563,-0.0253421,0.0,
0.781838,-1.0278496,-0.07200507,0.0,
0.6182419,-1.0161922,-0.16660772,0.0,
0.48040083,-1.035601,-0.21718942,22.0,
0.51267415,-1.0426195,-0.19757551,77.0,
0.5156125,-1.0426195,-0.19757551,0.0,
0.65028584,-1.0304519,-0.14053982,0.0,
0.74817085,-1.0145082,-0.1047129,0.0,
0.77858967,-1.0140891,-0.08900721,0.0,
0.76015496,-1.0207345,-0.09224876,97.0,
0.7372113,-1.0270432,-0.0984294,0.0,
0.72029155,-1.0284512,-0.106110066,0.0,
0.72485864,-1.0230582,-0.1087404,0.0,
0.75408316,-1.0144894,-0.10162872,0.0,
0.75650966,-1.0178099,-0.09707782,101.0,
0.7594735,-1.0178099,-0.09707782,0.0,
0.7474847,-1.0235524,-0.097866476,0.0,
0.73783475,-1.0237494,-0.102821715,0.0,
0.7129276,-1.0269443,-0.11297555,0.0,
0.74897426,-1.0095971,-0.11067954,0.0,
0.7438315,-1.0184422,-0.10474921,107.0,
0.7786282,-1.0210173,-0.08354248,0.0,
0.82548106,-1.0106076,-0.06862449,0.0,
0.8111541,-1.0170144,-0.06975131,0.0,
0.77758753,-1.0183927,-0.08675923,0.0,
0.709619,-1.0263312,-0.11527154,0.0,
0.71126443,-1.0263312,-0.11527154,97.0,
0.69267756,-1.0212,-0.12952907,0.0,
0.6954676,-1.0225097,-0.12692553,0.0,
0.74377936,-1.0147928,-0.109185554,0.0,
0.7922145,-1.002667,-0.095981926,0.0,
0.79046655,-1.005221,-0.094243966,96.0,
0.7602862,-1.0176613,-0.097669296,0.0,
0.7225809,-1.0432409,-0.0936483,0.0,
0.71816874,-1.046749,-0.09286103,0.0,
0.7405614,-1.0331844,-0.09323193,0.0,
0.740985,-1.019655,-0.105951,0.0,
0.7330681,-1.0194747,-0.11028117,27.0,
0.7421721,-1.0165759,-0.10829831,69.0,
0.74523497,-1.0165759,-0.10829831,0.0,
0.73750675,-1.0135701,-0.11523448,0.0,
0.71344256,-1.0157686,-0.12552983,0.0,
0.6948222,-1.0199636,-0.13117786,0.0,
0.7279699,-1.0128047,-0.120882004,99.0,
0.74802285,-1.0139945,-0.10934941,0.0,
0.7410655,-1.0205935,-0.10661452,0.0,
0.7078063,-1.0308565,-0.11457279,0.0,
0.67332125,-1.0414307,-0.12341209,0.0,
0.6399507,-1.0306088,-0.14970985,114.0,
0.6411449,-1.0306088,-0.14970985,0.0,
0.67044497,-1.0145586,-0.14874998,0.0,
0.7454507,-1.0007138,-0.12420589,0.0,
0.81316084,-1.0177252,-0.070850186,0.0,
0.8287539,-1.0458305,-0.03228862,0.0,
0.8128991,-1.0388963,-0.048892695,43.0,
0.75037545,-1.0384154,-0.08500813,0.0,
0.73460245,-1.0174603,-0.11355078,0.0,
0.75521815,-0.99732417,-0.12263497,41.0,
0.7332931,-1.0017372,-0.12932388,0.0,
0.7067977,-1.0142585,-0.13085742,108.0,
0.70732886,-1.0142585,-0.13085742,0.0,
0.7328671,-1.0207704,-0.11155223,0.0,
0.762409,-1.020715,-0.095839396,0.0,
0.7829865,-1.0264162,-0.07887446,0.0,
0.7702334,-1.0329872,-0.07944927,0.0,
0.7526048,-1.0344971,-0.087783694,97.0,
0.73392564,-1.0274793,-0.10464417,0.0,
0.7386318,-1.0240428,-0.10538381,0.0,
0.74080265,-1.0310738,-0.09752752,0.0,
0.7219006,-1.0308502,-0.107937604,0.0,
0.7262565,-1.0308502,-0.107937604,96.0,
0.6747746,-1.0352013,-0.13128966,0.0,
0.6570837,-1.0313996,-0.14367251,0.0,
0.6915194,-1.0324857,-0.12489734,0.0,
0.73156345,-1.0299634,-0.10591383,0.0,
0.77878034,-1.0162312,-0.093815215,0.0,
0.80212444,-1.0120026,-0.08545196,0.0,
0.7724383,-1.0201033,-0.093364306,103.0,
0.7477698,-1.0219538,-0.104849,0.0,
0.7728841,-1.0150347,-0.09820238,0.0,
0.8335873,-1.0079899,-0.072346576,0.0,
0.86407614,-1.0096207,-0.053244505,0.0,
0.8707524,-1.0096207,-0.053244505,110.0,
0.86506313,-1.0062506,-0.060344774,0.0,
0.8057297,-1.0003983,-0.09952979,0.0,
0.744166,-0.9982393,-0.13355224,0.0,
0.6656513,-1.014581,-0.15736143,0.0,
0.56982803,-1.0420829,-0.18263179,0.0,
0.464548,-1.0706718,-0.21633738,97.0,
0.4359509,-1.0834657,-0.22362953,0.0,
0.5368293,-1.1077448,-0.15467538,0.0,
0.59769183,-1.1348988,-0.10012092,0.0,
0.57705563,-1.1379972,-0.11058533,0.0,
0.60303956,-1.1085327,-0.116031714,0.0,
0.5590397,-1.1175699,-0.13534442,21.0,
0.5703732,-1.1175699,-0.13534442,78.0,
0.5023983,-1.1131018,-0.17720744,0.0,
0.5701498,-1.0562699,-0.17897202,0.0,
0.71964765,-0.9773412,-0.17315131,0.0,
0.94898957,-0.898658,-0.16201203,91.0,
0.97654325,-0.8745952,-0.18555832,0.0,
0.6994033,-0.9469112,-0.21137726,0.0,
0.5045311,-1.0973139,-0.1858422,0.0,
0.63745594,-1.0851307,-0.12083849,0.0,
0.71290165,-1.0725021,-0.088242,0.0,
0.72303116,-1.0725021,-0.088242,97.0,
0.74946916,-1.0581398,-0.086182825,0.0,
0.63858664,-1.096725,-0.116858155,0.0,
0.5586645,-1.1059204,-0.1558945,0.0,
0.62577623,-1.0557196,-0.15638009,0.0,
0.6192118,-1.0436671,-0.16935073,80.0,
0.598193,-1.0509739,-0.17439266,0.0,
0.5872814,-1.0386308,-0.18923941,0.0,
0.60462314,-1.020446,-0.19487739,0.0,
0.6101134,-1.0108755,-0.19989474,0.0,
0.638054,-1.0188577,-0.18015535,15.0,
0.6463586,-1.0266799,-0.1695534,100.0,
0.68254566,-1.0222433,-0.15527572,0.0,
0.6983443,-1.030625,-0.13966982,0.0,
0.711591,-1.0272968,-0.13579534,0.0,
0.77325606,-1.0132893,-0.116896726,0.0,
0.7884287,-1.0132893,-0.116896726,0.0,
0.7766639,-1.0253161,-0.110977344,97.0,
0.7196781,-1.0462432,-0.12199734,0.0,
0.6580438,-1.0586852,-0.14461935,0.0,
0.6137589,-1.0637773,-0.16424334,0.0,
0.5961536,-1.0695357,-0.16921227,0.0,
0.579496,-1.0592933,-0.18556516,81.0,
0.5898874,-1.0401099,-0.19466446,0.0,
0.64403284,-1.0229614,-0.18173394,0.0,
0.6464585,-1.0188655,-0.1839987,0.0,
0.64336646,-1.0189924,-0.18539086,29.0,
0.66156584,-1.0189924,-0.18539086,0.0,
0.6613684,-1.0233071,-0.18175417,97.0,
0.721526,-1.0132291,-0.16085126,0.0,
0.7582295,-1.0096188,-0.14564991,0.0,
0.699662,-1.0253373,-0.1606862,0.0,
0.67040074,-1.0307138,-0.17080444,0.0,
0.66974866,-1.0347809,-0.16760288,0.0,
0.69214976,-1.0347809,-0.16760288,97.0,
0.7076741,-1.0344672,-0.15979119,0.0,
0.69461584,-1.0354253,-0.16574109,0.0,
0.6566789,-1.0416384,-0.17992678,0.0,
0.63483244,-1.0487703,-0.18523711,0.0,
0.6094922,-1.0599077,-0.18949372,96.0,
0.5548052,-1.0653771,-0.21366821,0.0,
0.5568959,-1.0492163,-0.22412486,0.0,
0.5659766,-1.0351853,-0.22991623,0.0,
0.5343413,-1.0211525,-0.25461045,0.0,
0.46716943,-1.0329001,-0.2770073,0.0,
0.32914245,-1.1019852,-0.30773446,43.0,
-0.31075004,-1.2843618,-0.6898092,0.0,
0.57573193,-0.9599628,-0.2828508,53.0,
0.81985843,-0.94206095,-0.20103557,0.0,
0.8802711,-0.96262467,-0.14752026,0.0,
0.92061996,-0.96262467,-0.14752026,0.0,
0.6754916,-1.0656366,-0.16896912,103.0,
0.5395848,-1.0898546,-0.22374895,0.0,
0.31967735,-1.0860057,-0.3373713,0.0,
0.2670845,-1.0608333,-0.37121427,0.0,
0.34560296,-1.0832856,-0.3259696,0.0,
0.40442514,-1.0989699,-0.2891369,109.0,
0.4368155,-1.0989699,-0.2891369,0.0,
0.44386056,-1.1039776,-0.2826679,0.0,
0.42747626,-1.1180843,-0.2837074,0.0,
0.3984082,-1.128377,-0.29423606,0.0,
0.3853932,-1.1118041,-0.30934805,0.0,
0.4381868,-1.078702,-0.29970586,97.0,
0.55268514,-1.0436614,-0.26649794,0.0,
0.6862314,-1.0126932,-0.22784166,0.0,
0.73873705,-1.0104957,-0.2041803,0.0,
0.67460823,-1.0277183,-0.21997824,0.0,
0.63002527,-1.0448728,-0.22763312,0.0,
0.6526633,-1.0448728,-0.22763312,96.0,
0.5726011,-1.0747375,-0.24533457,0.0,
0.485968,-1.1000323,-0.27391508,0.0,
0.5006784,-1.0980898,-0.26730782,0.0,
0.52542096,-1.0823767,-0.26453674,0.0,
0.5445421,-1.0819906,-0.25483596,97.0,
0.5816941,-1.0686061,-0.24514061,0.0,
0.62203306,-1.0625929,-0.22882223,0.0,
0.5490654,-1.0876241,-0.2485327,0.0,
0.47988656,-1.1031537,-0.27524903,0.0,
0.5037171,-1.0939314,-0.26833913,0.0,
0.5158266,-1.0939314,-0.26833913,96.0,
0.5952753,-1.0750601,-0.23968716,0.0,
0.61568046,-1.0753117,-0.22863917,0.0,
0.6028778,-1.0696731,-0.23982316,0.0,
0.6122311,-1.0643935,-0.23906425,0.0,
0.6082681,-1.071955,-0.23521236,46.0,
0.6171511,-1.0761279,-0.22720782,0.0,
0.6299169,-1.0755885,-0.2207628,0.0,
0.63124156,-1.0740472,-0.22129032,51.0,
0.57917494,-1.073843,-0.24905978,0.0,
0.5489277,-1.0649863,-0.2709702,0.0,
0.5628783,-1.0649863,-0.2709702,101.0,
0.5526598,-1.0620213,-0.27823073,0.0,
0.5642299,-1.0652258,-0.27011353,0.0,
0.6140067,-1.0697397,-0.24101965,0.0,
0.6180551,-1.074772,-0.23489167,0.0,
0.6309573,-1.0723469,-0.22993878,0.0,
0.63311017,-1.0748743,-0.22673415,98.0,
0.5858836,-1.0802985,-0.24775396,0.0,
0.5513106,-1.080083,-0.26607794,0.0,
0.6046739,-1.0672305,-0.24787168,0.0,
0.6566978,-1.05979,-0.2266781,0.0,
0.6985475,-1.0534369,-0.2100093,59.0,
0.7603846,-1.0470417,-0.18244207,0.0,
0.7689772,-1.047185,-0.17753088,0.0,
0.7790208,-1.047185,-0.17753088,50.0,
0.79545027,-1.049771,-0.16558574,0.0,
0.77890486,-1.0642636,-0.1603739,0.0,
0.7571049,-1.0564812,-0.18054758,97.0,
0.72564644,-1.051331,-0.20288248,0.0,
0.7176158,-1.070694,-0.18926229,0.0,
0.767545,-1.1028851,-0.12950194,0.0,
0.75455654,-1.1225547,-0.11924619,0.0,
0.73573923,-1.0754673,-0.1744959,0.0,
0.7182832,-1.0404954,-0.21705498,96.0,
0.7499657,-1.0404954,-0.21705498,0.0,
0.63293254,-1.0754747,-0.24758522,0.0,
0.64108133,-1.0899366,-0.23128916,0.0,
0.6099115,-1.1196133,-0.22539555,0.0,
0.5323562,-1.1217861,-0.268023,43.0,
0.46043298,-1.1374013,-0.29863152,0.0,
0.3802949,-1.1436697,-0.34005886,0.0,
0.16819957,-1.1834612,-0.44612986,53.0,
0.022349633,-1.2392956,-0.5283579,0.0,
-0.80004346,-1.3471043,-1.1784925,0.0,
-0.16814065,-1.3056813,-0.66391015,103.0,
-0.134365,-1.3056813,-0.66391015,0.0,
0.5613499,-1.1388654,-0.27237833,0.0,
0.52921444,-1.0669657,-0.3405185,0.0,
-0.010200885,-1.1471168,-0.573424,0.0,
-0.32801083,-1.2285737,-0.7729624,0.0,
-0.26273435,-1.2186276,-0.7283004,96.0,
-0.0454914,-1.195814,-0.5943957,0.0,
0.20344512,-1.1339056,-0.46653023,0.0,
0.30528435,-1.0902613,-0.4318881,0.0,
0.29939154,-1.0675972,-0.44360447,0.0,
0.22610708,-1.0711215,-0.47369957,93.0,
0.2590493,-1.0906141,-0.4529263,0.0,
0.29651663,-1.1269042,-0.42168438,0.0,
0.39955795,-1.1543785,-0.35446227,0.0,
0.5431706,-1.1467115,-0.27737346,0.0,
0.5644153,-1.1467115,-0.27737346,16.0,
0.73342395,-1.1151228,-0.20412107,96.0,
0.7942863,-1.0977024,-0.184773,0.0,
0.8515351,-1.0749156,-0.17486736,0.0,
0.880012,-1.0608314,-0.17398387,0.0,
0.8722636,-1.0641592,-0.1747317,0.0,
0.83243626,-1.0706608,-0.19099835,0.0,
0.81533146,-1.064639,-0.2075549,97.0,
0.8175333,-1.064639,-0.2075549,0.0,
0.82680815,-1.0541073,-0.21400663,0.0,
0.79296064,-1.057232,-0.22939807,0.0,
0.80646807,-1.0487103,-0.23128136,0.0,
0.8323705,-1.0390788,-0.22800274,97.0,
0.8608305,-1.0358546,-0.21611582,0.0,
0.85549706,-1.0477532,-0.20506962,0.0,
0.849776,-1.059414,-0.19485174,0.0,
0.8486928,-1.0695076,-0.18397427,0.0,
0.86632496,-1.0727717,-0.16967365,0.0,
0.8623189,-1.0712228,-0.17387505,65.0,
0.8503902,-1.0652623,-0.18780057,0.0,
0.84338105,-1.0629063,-0.19458437,0.0,
0.852192,-1.0587583,-0.19420168,34.0,
0.85079265,-1.0587583,-0.19420168,0.0,
0.8526857,-1.0462315,-0.20763041,0.0,
0.86337775,-1.0353389,-0.21450737,96.0,
0.8692871,-1.0315945,-0.21572883,0.0,
0.86930805,-1.0378263,-0.20820946,0.0,
0.8649821,-1.0421995,-0.20542619,0.0,
0.86259294,-1.0434084,-0.20534489,0.0,
0.869839,-1.0427427,-0.20202045,114.0,
0.86975145,-1.0427427,-0.20202045,0.0,
0.87706494,-1.0462477,-0.19362801,0.0,
0.87521875,-1.0475196,-0.19317725,0.0,
0.878346,-1.0457816,-0.19344473,0.0,
0.8817126,-1.0471641,-0.18982822,0.0,
0.8760428,-1.0503451,-0.18932967,60.0,
0.88849354,-1.0487981,-0.1838864,0.0,
0.9129012,-1.0397607,-0.18061773,0.0,
0.9150193,-1.0326629,-0.18831909,0.0,
0.90616983,-1.031014,-0.19552474,34.0,
0.9016713,-1.0365336,-0.19122152,0.0,
0.89278895,-1.04738,-0.18307613,98.0,
0.89380723,-1.04738,-0.18307613,0.0,
0.8978151,-1.0457624,-0.18268093,0.0,
0.9020746,-1.0386764,-0.18890159,0.0,
0.90150857,-1.0318929,-0.19766468,0.0,
0.89272606,-1.033788,-0.20034981,97.0,
0.8906428,-1.0398358,-0.19412342,0.0,
0.8947822,-1.0391982,-0.19250455,0.0,
0.8984921,-1.0378177,-0.19205062,0.0,
0.91983557,-1.0338343,-0.1845651,0.0,
0.9131192,-1.0375882,-0.18378003,0.0,
0.89021647,-1.0408651,-0.19311355,96.0,
0.8911358,-1.0408651,-0.19311355,0.0,
0.8866897,-1.0413711,-0.19508047,0.0,
0.88557374,-1.040372,-0.19693817,0.0,
0.89021254,-1.0367455,-0.1986802,0.0,
0.9073474,-1.031284,-0.19556047,0.0,
0.9240486,-1.0306357,-0.18664637,99.0,
0.9430114,-1.0327727,-0.17261684,0.0,
0.936262,-1.0429474,-0.16361831,0.0,
0.9119572,-1.0537287,-0.16496666,0.0,
0.873189,-1.0573344,-0.18395013,0.0,
0.8524866,-1.0573344,-0.18395013,99.0,
0.8398938,-1.050387,-0.19912606,0.0,
0.86124057,-1.036437,-0.20303294,0.0,
0.8846568,-1.0252391,-0.203213,0.0,
0.8954495,-1.0209079,-0.20245828,0.0,
0.89382416,-1.0215211,-0.2026144,0.0,
0.8904304,-1.0245324,-0.200818,111.0,
0.88376856,-1.0328366,-0.19449505,0.0,
0.8736953,-1.0413055,-0.19016914,0.0,
0.86570495,-1.0500096,-0.18461262,0.0,
0.8648916,-1.0507447,-0.18423545,0.0,
0.8810396,-1.0455724,-0.18082614,0.0,
0.89177907,-1.0397626,-0.18147868,26.0,
0.8883687,-1.0347847,-0.18948956,71.0,
0.82332253,-1.0347847,-0.18948956,0.0,
0.81069803,-1.0344,-0.19694503,0.0,
0.80899185,-1.0332255,-0.19915383,0.0,
0.8248823,-1.033438,-0.19009122,98.0,
0.8317975,-1.0346388,-0.18487997,0.0,
0.8183673,-1.0406412,-0.18591209,0.0,
0.822695,-1.0422024,-0.18176343,0.0,
0.8362714,-1.0409468,-0.17536381,0.0,
0.81506455,-1.0418396,-0.18648857,0.0,
0.781077,-1.0418396,-0.18648857,96.0,
0.76637936,-1.0421901,-0.1942549,0.0,
0.7754097,-1.0386668,-0.19285512,0.0,
0.8020466,-1.0279009,-0.18945032,0.0,
0.8308559,-1.0168781,-0.18566574,0.0,
0.80986416,-1.0240846,-0.18925747,81.0,
0.74181205,-1.0386084,-0.21110713,0.0,
0.70141226,-1.0498428,-0.2220347,0.0,
0.7050681,-1.0551205,-0.21524917,0.0,
0.72061634,-1.0465583,-0.21482913,0.0,
0.7408349,-1.0496701,-0.20091219,14.0,
0.84821117,-1.0218959,-0.17040236,100.0,
0.8336479,-1.0218959,-0.17040236,0.0,
0.831098,-1.0184296,-0.17564966,0.0,
0.85407895,-1.0136582,-0.16822883,0.0,
0.8568965,-1.0186558,-0.16094778,0.0,
0.8659594,-1.0270488,-0.1461792,0.0,
0.8607652,-1.0308743,-0.14487305,98.0,
0.83385956,-1.0342213,-0.15675452,0.0,
0.8425026,-1.0278629,-0.15879507,0.0,
0.86763567,-1.0353543,-0.13576348,0.0,
0.86895555,-1.045148,-0.12394275,0.0,
0.88212943,-1.0529041,-0.10713104,83.0,
0.89449185,-1.052489,-0.0998685,0.0,
0.86136323,-1.0577817,-0.114578724,0.0,
0.8113421,-1.0665237,-0.13578987,0.0,
0.73174983,-1.091452,-0.15931813,29.0,
0.72494113,-1.091452,-0.15931813,0.0,
0.6367754,-1.0858405,-0.21481116,97.0,
0.624139,-1.0707567,-0.23380159,0.0,
0.6673311,-1.069562,-0.21147585,0.0,
0.6807292,-1.0758755,-0.19863908,0.0,
0.6433319,-1.0859255,-0.21108946,0.0,
0.63281196,-1.0936896,-0.2107411,0.0,
0.63460654,-1.0936896,-0.2107411,97.0,
0.67817503,-1.104522,-0.1767116,0.0,
0.61196685,-1.1032915,-0.21595989,0.0,
0.613162,-1.0928043,-0.22340442,0.0,
0.6181245,-1.086419,-0.22566508,0.0,
0.651394,-1.0839865,-0.20927823,96.0,
0.6513591,-1.0949275,-0.20026237,0.0,
0.662698,-1.1106902,-0.18068936,0.0,
0.58151543,-1.1149235,-0.2245677,0.0,
0.55751777,-1.1056838,-0.24466619,0.0,
0.52583903,-1.0916585,-0.27140728,0.0,
0.54141027,-1.0916585,-0.27140728,100.0,
0.39580747,-1.0699794,-0.35688427,0.0,
0.24211459,-1.0116391,-0.44528335,0.0,
0.1355316,-0.95681417,-0.4937901,0.0,
0.06655642,-0.9567369,-0.51335883,0.0,
0.29722965,-1.000408,-0.42930064,0.0,
0.44971493,-1.0825436,-0.32409322,96.0,
0.5138561,-1.1829119,-0.22752498,0.0,
0.40451127,-1.2935832,-0.24242702,0.0,
0.33979055,-1.3449496,-0.2699855,0.0,
0.35181862,-1.3377784,-0.26337403,0.0,
0.38866922,-1.3377784,-0.26337403,99.0,
0.38176158,-1.3083925,-0.28150055,0.0,
0.3108941,-1.328191,-0.32667154,0.0,
-0.11850639,-1.3859209,-0.654615,0.0,
-0.6124312,-1.3610702,-1.0458434,0.0,
-1.1483599,-1.2092558,-1.3511622,0.0,
-1.5001895,-1.0591854,-1.4868081,21.0,
-1.4867648,-1.0296842,-1.4259435,88.0,
-1.1382601,-1.1049004,-1.2133979,0.0,
-0.856576,-1.1338255,-1.0391964,0.0,
-0.70848155,-1.1441114,-0.9518352,0.0,
-0.35809112,-1.1404963,-0.7454813,0.0,
-0.16122149,-1.1259335,-0.63860154,96.0,
-0.06881829,-1.1259335,-0.63860154,0.0,
-0.29700148,-1.1330608,-0.7561589,0.0,
-0.4757772,-1.1037713,-0.83462197,0.0,
-0.55746377,-1.0711709,-0.85425794,0.0,
-0.68585354,-1.0399337,-0.8924714,96.0,
-0.80952036,-1.0293584,-0.9459238,0.0,
-0.84442264,-1.0668935,-1.0070771,0.0,
-0.89053106,-1.0596544,-1.027094,0.0,
-1.0140405,-1.0526652,-1.0988718,0.0,
-1.0360019,-1.0648339,-1.1301935,0.0,
-0.97859406,-1.0437123,-1.0635116,42.0,
-1.2393905,-1.0519426,-1.270774,0.0,
-1.5416762,-1.0158513,-1.513416,54.0,
-1.486583,-1.0158513,-1.513416,0.0,
-1.7233323,-0.93709713,-1.6723146,0.0,
-1.8220787,-0.88635296,-1.7328421,0.0,
-1.7923305,-0.9001016,-1.7095815,105.0,
-1.6726094,-0.9110741,-1.5489186,0.0,
-1.4882442,-0.9137889,-1.3191317,0.0,
-1.4243267,-0.9279071,-1.2820957,0.0,
-1.474246,-0.9367685,-1.3533976,0.0,
-1.4883705,-0.92826045,-1.3510532,108.0,
-1.5189402,-0.9129061,-1.3523228,0.0,
-1.5837736,-0.9079346,-1.421004,0.0,
-1.6413203,-0.90478605,-1.4912795,0.0,
-1.6805737,-0.9195143,-1.5775179,0.0,
-1.6174365,-0.9195143,-1.5775179,0.0,
-1.5793769,-0.91705376,-1.5226232,87.0,
-1.5688711,-0.8883426,-1.4426892,0.0,
-1.5756344,-0.8845661,-1.4420484,0.0,
-1.5795294,-0.90436715,-1.4944916,0.0,
-1.5643519,-0.9263007,-1.5235904,0.0,
-1.4782534,-0.9263007,-1.5235904,109.0,
-1.4412878,-0.93459255,-1.5012324,0.0,
-1.4569678,-0.94248855,-1.5338814,0.0,
-1.3844838,-0.94610786,-1.4674294,0.0,
-1.3208381,-0.95434475,-1.4245696,0.0,
-1.3241037,-0.9526418,-1.4242337,0.0,
-1.4386919,-0.94374424,-1.5171088,98.0,
-1.4144933,-0.95317465,-1.5108898,0.0,
-1.3846409,-0.9708751,-1.5147692,0.0,
-1.5029298,-0.97147965,-1.6400899,0.0,
-1.5537978,-0.9467273,-1.6526383,0.0,
-1.5147383,-0.9613597,-1.6346964,0.0,
-1.4019396,-0.9613597,-1.6346964,91.0,
-1.41445,-0.96093017,-1.6465379,0.0,
-1.398465,-0.9481375,-1.6065617,0.0,
-1.519179,-0.9469255,-1.7343127,0.0,
-1.4928086,-0.9515179,-1.7128487,0.0,
-1.3526995,-0.97876084,-1.6178625,25.0,
-1.384472,-0.9872501,-1.6632012,0.0,
-1.3544779,-0.98965853,-1.6382624,73.0,
-1.3885888,-0.96068585,-1.6202073,0.0,
-1.4096314,-0.93712735,-1.5964606,0.0,
-1.5476005,-0.92196816,-1.7191664,0.0,
-1.4331316,-0.92196816,-1.7191664,115.0,
-1.5472008,-0.89110214,-1.7864896,0.0,
-1.4462172,-0.9034315,-1.6957952,0.0,
-1.1868807,-0.94880545,-1.5488702,0.0,
-1.0516795,-0.992491,-1.5186999,0.0,
-1.1376789,-1.0090892,-1.6041532,0.0,
-1.2275555,-0.9879902,-1.6440954,83.0,
-1.2353057,-0.97161037,-1.6244348,0.0,
-1.2266004,-0.9787568,-1.6287477,0.0,
-1.2226762,-0.9881714,-1.6403419,0.0,
-1.1784966,-0.99065894,-1.6086196,0.0,
-1.1621157,-0.9834545,-1.585006,76.0,
-1.1772339,-0.9781244,-1.588427,0.0,
-1.2124863,-0.9679661,-1.600023,0.0,
-1.2531921,-0.9553081,-1.6122214,0.0,
-1.2559322,-0.9515115,-1.6080331,34.0,
-1.1217517,-0.9515115,-1.6080331,0.0,
-1.1269048,-0.9545222,-1.6162481,97.0,
-1.0866973,-0.96235377,-1.5994277,0.0,
-1.0176398,-0.9722427,-1.5669487,0.0,
-1.0092576,-0.97667426,-1.5674045,0.0,
-0.9977307,-0.9935436,-1.5817411,0.0,
-0.9633413,-0.99658465,-1.5632669,0.0,
-0.97426,-1.0014386,-1.5762835,96.0,
-0.87135136,-1.0014386,-1.5762835,0.0,
-0.77269614,-0.9929198,-1.5107131,0.0,
-0.8597938,-0.97326005,-1.5388715,0.0,
-0.74361795,-0.9995528,-1.5011778,0.0,
-0.4505183,-1.0055379,-1.3614972,97.0,
-0.3422836,-1.0173008,-1.3187145,0.0,
-0.41686738,-1.0816672,-1.3849226,0.0,
-0.5974238,-1.1051544,-1.5021173,0.0,
-0.5228078,-1.0915182,-1.4491383,0.0,
-0.4040245,-1.0659419,-1.3704512,0.0,
-0.40344244,-1.0561748,-1.3654101,102.0,
-0.34129208,-1.0723784,-1.3410914,0.0,
-0.0415751,-1.075856,-1.192923,0.0,
0.29129928,-1.1065729,-1.0176699,0.0,
0.40226603,-1.0917171,-0.9632965,0.0,
0.42360336,-1.0917171,-0.9632965,0.0,
0.42864013,-1.0994327,-0.9566199,102.0,
0.4031814,-1.0792199,-0.98044634,0.0,
0.851416,-1.0396081,-0.7544177,0.0,
1.0938915,-1.0452973,-0.5762451,0.0,
1.280624,-1.013355,-0.45993516,0.0,
1.3896621,-1.0028077,-0.36958912,95.0,
1.5029762,-0.94733375,-0.33195904,0.0,
1.6545569,-0.84786284,-0.31452066,0.0,
1.736399,-0.8056142,-0.2721869,0.0,
1.7433203,-0.7981037,-0.27665654,0.0,
1.7112676,-0.7981037,-0.27665654,0.0,
1.5236415,-0.8857548,-0.36000985,109.0,
1.309012,-0.9545893,-0.46610835,0.0,
1.3008769,-0.9351682,-0.50498194,0.0,
1.4163535,-0.8890527,-0.47502515,0.0,
1.5268542,-0.85427326,-0.4197039,0.0,
1.5327957,-0.848696,-0.4243212,0.0,
1.5482985,-0.8486955,-0.4045631,95.0,
1.4622989,-0.8486955,-0.4045631,0.0,
1.408082,-0.87247854,-0.41392314,0.0,
1.3457204,-0.9007101,-0.4224894,0.0,
1.3114384,-0.90743536,-0.4424227,0.0,
1.3502595,-0.89056236,-0.43665245,95.0,
1.4143251,-0.8689963,-0.41436726,0.0,
1.362533,-0.8846354,-0.43594974,0.0,
1.142136,-0.9410358,-0.52707756,0.0,
1.0455439,-0.9631149,-0.5649779,0.0,
1.1235408,-0.9565096,-0.5184714,0.0,
1.3216177,-0.9104313,-0.4278917,45.0,
1.5001295,-0.8498101,-0.35820505,0.0,
1.5740745,-0.82216924,-0.32529023,68.0,
1.4823936,-0.82216924,-0.32529023,0.0,
1.3592894,-0.85927516,-0.3766251,0.0,
0.93477595,-0.95083576,-0.5477371,0.0,
0.6817817,-0.9998037,-0.63972354,81.0,
0.9145157,-0.9876031,-0.5177435,0.0,
1.2143688,-0.93619156,-0.3715335,0.0,
1.3140732,-0.90854204,-0.32927072,0.0,
1.3057485,-0.9136681,-0.32829374,0.0,
1.20953,-0.93039715,-0.38437447,100.0,
1.0273023,-0.93039715,-0.38437447,0.0,
0.82530206,-0.9643332,-0.46825123,0.0,
0.77513754,-0.9780208,-0.4831286,0.0,
0.7401491,-0.987592,-0.49382627,0.0,
0.6082284,-0.93622977,-0.601737,0.0,
0.8682879,-0.945999,-0.46305695,59.0,
1.0632528,-0.9295754,-0.3612084,0.0,
1.3551276,-0.8382724,-0.27832645,0.0,
1.5629189,-0.76492155,-0.21050957,39.0,
1.6203737,-0.7500055,-0.16541654,0.0,
1.564947,-0.7821364,-0.16248591,108.0,
1.403169,-0.7821364,-0.16248591,0.0,
1.2712784,-0.82822245,-0.19328685,0.0,
1.1957059,-0.8493558,-0.21785103,0.0,
1.2069057,-0.846963,-0.2131233,0.0,
1.3318626,-0.81242234,-0.16930135,0.0,
1.4838948,-0.76321864,-0.11568281,96.0,
1.618753,-0.70926,-0.07189497,0.0,
1.7420379,-0.6496004,-0.03526087,0.0,
1.7908797,-0.6232169,-0.01893411,0.0,
1.7452433,-0.64778465,-0.03486976,0.0,
1.6877147,-0.6768186,-0.052610274,0.0,
1.6664695,-0.683403,-0.072131015,63.0,
1.6626163,-0.6816364,-0.08659487,0.0,
1.7143157,-0.6523053,-0.095438704,0.0,
1.5775038,-0.6523053,-0.095438704,34.0,
1.4749027,-0.6775603,-0.14921096,0.0,
1.4480951,-0.67178935,-0.19903979,97.0,
1.4588944,-0.6684423,-0.19847219,0.0,
1.3875033,-0.69569457,-0.18788739,0.0,
1.2137969,-0.7554229,-0.19267224,0.0,
1.051401,-0.8209446,-0.19281854,0.0,
0.9307452,-0.87149906,-0.2010093,0.0,
0.7110452,-0.87149906,-0.2010093,120.0,
0.6256169,-0.8968448,-0.22328447,0.0,
0.537034,-0.9152512,-0.25395164,0.0,
0.46349403,-0.923102,-0.2843518,0.0,
0.39626607,-0.9387105,-0.3083788,0.0,
0.40274575,-0.93936855,-0.30503574,0.0,
0.59930104,-0.97311854,-0.18512702,71.0,
0.63143545,-1.0306286,-0.12849408,0.0,
0.73139757,-1.034039,-0.060995895,0.0,
0.67576635,-1.0566243,-0.08232548,0.0,
0.7027956,-1.0674871,-0.056474216,21.0,
0.77479184,-1.0730344,-0.0016410426,0.0,
0.9273058,-1.0484815,0.092038855,96.0,
0.8306196,-1.0484815,0.092038855,0.0,
0.7679845,-1.0755402,0.06661193,0.0,
0.86278284,-1.0415375,0.110283524,0.0,
0.79776883,-1.0788697,0.0910471,0.0,
0.85406095,-1.0732684,0.12924826,100.0,
0.85162634,-1.0596446,0.11658722,0.0,
0.7559033,-1.0559326,0.04364095,0.0,
0.81878835,-0.99347,0.038948413,0.0,
0.8297459,-0.9680422,0.024862356,0.0,
0.85821134,-0.95904297,0.03613401,0.0,
0.82010746,-0.95904297,0.03613401,94.0,
0.8500793,-0.9672388,0.06320648,0.0,
0.88829154,-0.9738166,0.09542188,0.0,
0.89199007,-0.9815711,0.10514935,0.0,
0.9046844,-0.972647,0.105886534,0.0,
0.91759664,-0.96865195,0.111297615,6.0,
0.9121414,-0.97687835,0.11516544,93.0,
0.8924225,-0.9893666,0.11256613,0.0,
0.87265444,-0.9977626,0.10597844,0.0,
0.8549865,-1.0008309,0.096146114,0.0,
0.8513283,-1.0015498,0.09419056,0.0,
0.83719814,-1.0015498,0.09419056,96.0,
0.82607675,-1.0053915,0.08997113,0.0,
0.805407,-1.0119103,0.08153123,0.0,
0.7929953,-1.0118794,0.07316513,0.0,
0.7681388,-1.015541,0.059620935,0.0,
0.7729186,-1.0140144,0.06155275,0.0,
0.7972757,-1.0153707,0.07893439,99.0,
0.859875,-1.0340675,0.1384336,0.0,
0.8229054,-1.0761503,0.14656767,0.0,
0.6978324,-1.1035334,0.07654549,0.0,
0.5800834,-1.1050414,-0.0040617753,0.0,
0.4940758,-1.1007625,-0.06338198,17.0,
0.43533528,-1.0942243,-0.104100905,81.0,
0.39641824,-1.0747143,-0.13650265,0.0,
0.36605847,-1.0565937,-0.16170637,0.0,
0.40182847,-1.0331113,-0.15084831,0.0,
0.37567592,-1.0331113,-0.15084831,0.0,
0.3782999,-1.0399365,-0.14659506,112.0,
0.37667006,-1.0571369,-0.14040703,0.0,
0.409067,-1.0708884,-0.11594894,0.0,
0.42960182,-1.090647,-0.09483257,0.0,
0.42250356,-1.0919402,-0.09857547,0.0,
0.45034012,-1.0850512,-0.084816806,0.0,
0.44252247,-1.0850512,-0.084816806,93.0,
0.48777553,-1.0782397,-0.061726958,0.0,
0.5199946,-1.0707115,-0.046942104,0.0,
0.52973574,-1.0763233,-0.03790179,0.0,
0.5105417,-1.0788685,-0.047893915,0.0,
0.5135421,-1.0822521,-0.044191394,100.0,
0.5168556,-1.0879571,-0.03896455,0.0,
0.5186686,-1.0978258,-0.032275345,0.0,
0.5246834,-1.1029991,-0.025611289,0.0,
0.55355704,-1.0991347,-0.009793816,0.0,
0.57477486,-1.0969061,0.0022033423,0.0,
0.584727,-1.0961511,0.008023867,93.0,
0.61388415,-1.0961511,0.008023867,0.0,
0.6120666,-1.0978272,0.008070858,0.0,
0.61411643,-1.1051278,0.014410533,0.0,
0.6344401,-1.1031793,0.02578625,0.0,
0.66756546,-1.0949056,0.04059068,0.0,
0.70512056,-1.0810798,0.053532586,106.0,
0.7099604,-1.0742074,0.051025897,0.0,
0.6827775,-1.072907,0.03314292,0.0,
0.6365193,-1.0730584,0.0052271653,0.0,
0.58963686,-1.0766411,-0.020014992,0.0,
0.5592231,-1.0777621,-0.037009556,106.0,
0.59940374,-1.0777621,-0.037009556,0.0,
0.5971634,-1.0799308,-0.03669019,0.0,
0.61943823,-1.0787567,-0.024952669,0.0,
0.62435955,-1.0819874,-0.019702453,0.0,
0.63428706,-1.0802927,-0.015289467,0.0,
0.65046287,-1.077979,-0.007762217,29.0,
0.68763995,-1.0700256,0.007339637,0.0,
0.7533864,-1.0636564,0.040634796,58.0,
0.8104153,-1.0654547,0.07737556,0.0,
0.8089145,-1.0716907,0.082504384,0.0,
0.7832957,-1.0730741,0.06770963,105.0,
0.8009652,-1.0730741,0.06770963,0.0,
0.7824517,-1.0716299,0.05509464,0.0,
0.7797428,-1.0691583,0.051044844,0.0,
0.76273453,-1.0720806,0.043805595,0.0,
0.74674344,-1.0788238,0.040748343,0.0,
0.7256243,-1.0738868,0.02382271,100.0,
0.76009405,-1.0658988,0.03630684,0.0,
0.7943026,-1.0614334,0.051990397,0.0,
0.8019162,-1.0590324,0.054066658,0.0,
0.77863884,-1.0639033,0.045212146,0.0,
0.7680668,-1.0672666,0.04229347,0.0,
0.77377623,-1.0667762,0.045174308,33.0,
0.7891646,-1.0674049,0.05492185,61.0,
0.7876281,-1.0674049,0.05492185,0.0,
0.7774173,-1.0746757,0.05626745,0.0,
0.75513744,-1.0785573,0.047037292,0.0,
0.76210004,-1.0745145,0.04715308,99.0,
0.77670103,-1.0666475,0.04780878,0.0,
0.77882713,-1.057278,0.039558604,0.0,
0.800348,-1.0509818,0.04528698,0.0,
0.81446856,-1.0543711,0.056984033,0.0,
0.79961365,-1.0609679,0.055288035,0.0,
0.7820818,-1.0681812,0.052475266,99.0,
0.7507371,-1.0693581,0.03558284,0.0,
0.73721075,-1.0685096,0.027099423,0.0,
0.7467871,-1.0685096,0.027099423,0.0,
0.7659119,-1.0656037,0.034950864,0.0,
0.7885166,-1.0688009,0.051111694,0.0,
0.8083545,-1.0730283,0.0671202,59.0,
0.8153973,-1.0742663,0.07261373,0.0,
0.8230185,-1.0693526,0.07191225,0.0,
0.82161456,-1.06188,0.06303677,42.0,
0.8019054,-1.0593365,0.04891862,0.0,
0.8173579,-1.0593365,0.04891862,107.0,
0.79864204,-1.0620903,0.04123105,0.0,
0.795021,-1.0678145,0.045233343,0.0,
0.7890753,-1.0718749,0.046080917,0.0,
0.80677265,-1.0667927,0.050898362,0.0,
0.81982476,-1.0629792,0.054311506,0.0,
0.8402706,-1.0594635,0.06229672,98.0,
0.8294039,-1.060028,0.056609944,0.0,
0.8278658,-1.0568664,0.052224036,0.0,
0.8233083,-1.0565907,0.04930933,0.0,
0.8104151,-1.0585718,0.0441301,0.0,
0.8114911,-1.0631306,0.049675755,0.0,
0.8095642,-1.0621017,0.047461186,96.0,
0.7995189,-1.0621017,0.047461186,0.0,
0.8088165,-1.0578952,0.04819021,0.0,
0.81802535,-1.0549123,0.050136957,0.0,
0.8231857,-1.0612044,0.059999928,0.0,
0.77801216,-1.0793892,0.053242315,5.0,
0.7579458,-1.0640032,0.026254745,93.0,
0.7126337,-1.0872082,0.02369476,0.0,
0.87126756,-1.074692,0.103796326,0.0,
0.85022295,-1.0926378,0.110801026,0.0,
0.8576638,-1.0982293,0.1216441,0.0,
0.8452888,-1.0982293,0.1216441,101.0,
0.8041873,-1.0912452,0.08883578,0.0,
0.7935148,-1.0778989,0.06855177,0.0,
0.81047225,-1.0674453,0.06728921,0.0,
0.8009402,-1.0699284,0.0644503,0.0,
0.78776944,-1.0723399,0.059424207,0.0,
0.78079206,-1.0711684,0.054223605,97.0,
0.77643925,-1.0642717,0.044622242,0.0,
0.7852717,-1.063241,0.048484072,0.0,
0.782165,-1.0691183,0.052874424,0.0,
0.7797008,-1.0761327,0.058729336,0.0,
0.76897174,-1.0761327,0.058729336,107.0,
0.77723366,-1.0795987,0.06700509,0.0,
0.7802125,-1.0745366,0.06352321,0.0,
0.76889944,-1.067721,0.050116394,0.0,
0.77992153,-1.0600597,0.048338044,0.0,
0.7914918,-1.0610718,0.055857178,0.0,
0.8019403,-1.0674238,0.068533085,97.0,
0.80318284,-1.0732871,0.075483784,0.0,
0.8055664,-1.0723649,0.07589118,0.0,
0.8018977,-1.0651405,0.066073895,0.0,
0.79293925,-1.0613866,0.057003867,0.0,
0.7775987,-1.065058,0.052244082,0.0,
0.77467185,-1.0678129,0.053448714,83.0,
0.7947622,-1.0674725,0.06447541,0.0,
0.79804206,-1.0604514,0.05888113,0.0,
0.7924916,-1.0609362,0.05627501,0.0,
0.7832804,-1.0609362,0.05627501,13.0,
0.76059216,-1.0660115,0.04891507,102.0,
0.7555236,-1.0742879,0.054427203,0.0,
0.7706775,-1.0792294,0.06801773,0.0,
0.79053676,-1.077785,0.07801141,0.0,
0.79082435,-1.0712708,0.071372755,0.0,
0.7770833,-1.0620564,0.05399749,0.0,
0.77101153,-1.0620564,0.05399749,93.0,
0.7668799,-1.056919,0.04643111,1.0,
0.771449,-1.0557582,0.047716655,0.0,
0.78324383,-1.0559906,0.05441607,0.0,
0.77612007,-1.0582516,0.052867346,0.0,
0.78198373,-1.0599244,0.05785469,0.0,
0.7699291,-1.0668364,0.058315277,106.0,
0.76079243,-1.0739726,0.0604488,0.0,
0.75017047,-1.0797926,0.06026085,0.0,
0.75760794,-1.0799404,0.064632066,0.0,
0.76622474,-1.0750544,0.06461321,0.0,
0.7682885,-1.0714631,0.06212805,103.0,
0.7665643,-1.0714631,0.06212805,0.0,
0.7543186,-1.0729843,0.056782223,0.0,
0.76984173,-1.0700873,0.06257228,0.0,
0.7887812,-1.0632858,0.066180095,0.0,
0.80220705,-1.0578686,0.06796832,0.0,
0.7984589,-1.058914,0.066983275,97.0,
0.7672616,-1.0638713,0.054771245,0.0,
0.75214964,-1.0678796,0.050469212,0.0,
0.75663006,-1.0661426,0.051199075,0.0,
0.7646003,-1.0649137,0.054362405,0.0,
0.7634484,-1.0709544,0.05985955,0.0,
0.76224726,-1.0709544,0.05985955,101.0,
0.73566985,-1.0756359,0.049681433,0.0,
0.7409042,-1.0773625,0.05428597,0.0,
0.74850696,-1.0721691,0.05340529,0.0,
0.7770353,-1.0640882,0.061095357,0.0,
0.7835154,-1.0579458,0.058280177,20.0,
0.76188487,-1.057142,0.045596804,0.0,
0.74681324,-1.0626615,0.043000158,75.0,
0.7428734,-1.0675457,0.045709595,0.0,
0.73173213,-1.0680403,0.04011307,0.0,
0.74462926,-1.066762,0.045894258,0.0,
0.74446094,-1.066762,0.045894258,95.0,
0.7856818,-1.061291,0.063047834,0.0,
0.797859,-1.0552459,0.06339287,0.0,
0.7808442,-1.055076,0.053832326,0.0,
0.75106126,-1.0619937,0.044719048,0.0,
0.7309025,-1.0657072,0.037489496,0.0,
0.7172353,-1.0697072,0.03398401,100.0,
0.7228854,-1.071036,0.038318284,0.0,
0.74613065,-1.0687568,0.048794158,0.0,
0.77525777,-1.0620351,0.058033597,0.0,
0.7775692,-1.0535495,0.05044087,0.0,
0.79701495,-1.0411323,0.047666933,77.0,
0.7748543,-1.0421364,0.03696151,0.0,
0.7854087,-1.0474273,0.04820808,0.0,
0.7371037,-1.0621322,0.037314642,0.0,
0.7412396,-1.0621322,0.037314642,19.0,
0.75657696,-1.071259,0.054855417,0.0,
0.85567683,-1.0712838,0.11235144,114.0,
0.6867255,-1.1119523,0.053585023,0.0,
0.61941046,-1.0978299,0.0038437566,0.0,
0.6121938,-1.0684091,-0.023910223,0.0,
0.5659243,-1.062672,-0.051064536,0.0,
0.47875628,-1.0737691,-0.08459276,0.0,
0.41106474,-1.083352,-0.11065307,87.0,
0.37546608,-1.0945585,-0.1216217,0.0,
0.37306795,-1.091751,-0.124147475,0.0,
0.45396617,-1.0668622,-0.1003638,0.0,
0.4765619,-1.0668622,-0.1003638,0.0,
0.57026714,-1.0378736,-0.07826795,73.0,
0.62984645,-1.020811,-0.06581903,0.0,
0.64373106,-1.0230039,-0.057701632,0.0,
0.5835709,-1.0464091,-0.0655286,0.0,
0.55468464,-1.0647048,-0.06511789,31.0,
0.53831124,-1.0755876,-0.065111876,0.0,
0.56146646,-1.0755876,-0.065111876,95.0,
0.5380006,-1.0796679,-0.07382229,0.0,
0.5637279,-1.0678473,-0.06977512,0.0,
0.5282094,-1.0697685,-0.08560455,0.0,
0.45613533,-1.0740863,-0.117025726,0.0,
0.40103248,-1.0798154,-0.13952418,98.0,
0.3562695,-1.0918858,-0.15450637,0.0,
0.32600275,-1.1039411,-0.1636025,0.0,
0.34363067,-1.0902442,-0.16121672,0.0,
0.4324631,-1.06216,-0.13493335,0.0,
0.5045054,-1.039881,-0.11714691,0.0,
0.5673355,-1.0295137,-0.0972922,66.0,
0.63960886,-1.0383873,-0.05712725,0.0,
0.64914787,-1.0545654,-0.038422104,0.0,
0.58189166,-1.0695428,-0.05953894,33.0,
0.49691832,-1.0709298,-0.099771634,0.0,
0.522411,-1.0709298,-0.099771634,0.0,
0.46374696,-1.0728204,-0.1266332,36.0,
0.4204944,-1.0741394,-0.1461571,0.0,
0.44521445,-1.0741394,-0.1461571,171.0,
0.46537367,-1.070773,-0.13857605,0.0,
0.53142756,-1.0704417,-0.1068535,0.0,
0.5809001,-1.0653214,-0.08608408,0.0,
0.56468177,-1.0624307,-0.0962892,0.0,
0.53612405,-1.0520954,-0.11750471,0.0,
0.51732206,-1.0467783,-0.12992263,0.0,
0.5090096,-1.0449368,-0.13495645,0.0,
0.5164172,-1.0461872,-0.13074169,0.0,
0.53074116,-1.0457388,-0.12450368,28.0,
0.5401825,-1.0414535,-0.12324225,0.0,
0.5510631,-1.0354217,-0.12270939,41.0,
0.56999516,-1.0317137,-0.11696123,0.0,
0.5617274,-1.0348827,-0.118293375,126.0,
0.5355163,-1.0439196,-0.123605885,0.0,
0.5219651,-1.0485158,-0.12659453,0.0,
0.52763593,-1.0467899,-0.12518996,0.0,
0.5568473,-1.0413194,-0.115708485,0.0,
0.5789317,-1.0403159,-0.10624858,0.0,
0.6021509,-1.0403159,-0.10624858,0.0,
0.60644776,-1.0396155,-0.1047576,38.0,
0.5867925,-1.0403664,-0.113505594,0.0,
0.54875433,-1.04491,-0.12796998,0.0,
0.527019,-1.0513724,-0.13357398,158.0,
0.5508739,-1.0513724,-0.13357398,0.0,
0.5559572,-1.0583653,-0.12605233,0.0,
0.5875425,-1.053335,-0.11418713,0.0,
0.60770154,-1.0427419,-0.11255489,0.0,
0.62021637,-1.0304955,-0.11643801,0.0,
0.6148391,-1.0232829,-0.1248817,0.0,
0.61881894,-1.0204295,-0.12538299,0.0,
0.61311656,-1.0240026,-0.12509435,0.0,
0.60420483,-1.0221978,-0.13067664,17.0,
0.6085278,-1.0191468,-0.13116159,22.0,
0.6044139,-1.0202482,-0.13215064,159.0,
0.5905632,-1.0278534,-0.1324799,0.0,
0.59199834,-1.0369986,-0.124656565,0.0,
0.59539187,-1.0472676,-0.11500711,0.0,
0.5919117,-1.055655,-0.1102285,0.0,
0.6094216,-1.0477997,-0.107672855,0.0,
0.63005614,-1.0315349,-0.1108696,0.0,
0.6283922,-1.0219713,-0.11965218,0.0,
0.64889556,-1.0219713,-0.11965218,0.0,
0.6228628,-1.0275543,-0.12746005,37.0,
0.60730827,-1.0421861,-0.12323778,0.0,
0.5902239,-1.0540873,-0.122501984,115.0,
0.58166796,-1.0552968,-0.12588641,0.0,
0.60957456,-1.0459915,-0.11910151,0.0,
0.6336721,-1.0333388,-0.117447495,0.0,
0.62466305,-1.0242771,-0.12929426,0.0,
0.61635524,-1.0260803,-0.13176653,0.0,
0.61566657,-1.0350939,-0.124806486,49.0,
0.6329828,-1.0350939,-0.124806486,0.0,
0.627458,-1.0417501,-0.122145705,0.0,
0.62233263,-1.0402635,-0.1259249,39.0,
0.61644346,-1.0365405,-0.1318432,0.0,
0.6127528,-1.0304594,-0.13850766,0.0,
0.61294866,-1.0321892,-0.13703278,157.0,
0.61630774,-1.0321892,-0.13703278,0.0,
0.62914646,-1.0370225,-0.12674648,0.0,
0.6380881,-1.0440613,-0.11646006,0.0,
0.6581958,-1.0415435,-0.108127385,0.0,
0.6715733,-1.0310228,-0.110224396,0.0,
0.6728459,-1.0268983,-0.11316316,0.0,
0.6384102,-1.0326489,-0.12565677,0.0,
0.5920821,-1.0438257,-0.14004174,0.0,
0.5762511,-1.049066,-0.14407189,35.0,
0.60434777,-1.0437508,-0.13393176,0.0,
0.6430533,-1.0338296,-0.122343,48.0,
0.6619949,-1.0314533,-0.11474179,0.0,
0.65795374,-1.0321803,-0.11617728,114.0,
0.6604933,-1.0321803,-0.11617728,0.0,
0.6315738,-1.0380057,-0.12612298,0.0,
0.61416,-1.0356375,-0.13680562,0.0,
0.6082579,-1.0362109,-0.13930708,0.0,
0.6230683,-1.0358232,-0.13218519,0.0,
0.6182375,-1.0337055,-0.13629419,0.0,
0.63079864,-1.0375409,-0.12689315,50.0,
0.63779616,-1.0419649,-0.11971996,0.0,
0.65799415,-1.0405452,-0.11040673,0.0,
0.657214,-1.0362091,-0.11445828,142.0,
0.64468133,-1.0348755,-0.12200104,0.0,
0.61908215,-1.0361751,-0.13391118,0.0,
0.6064496,-1.0376935,-0.1390579,0.0,
0.606363,-1.041097,-0.13646206,0.0,
0.5953576,-1.0463141,-0.13803895,0.0,
0.61262226,-1.0459423,-0.12951045,0.0,
0.61902434,-1.0459423,-0.12951045,12.0,
0.64222634,-1.0388712,-0.1232118,38.0,
0.65783286,-1.0303438,-0.12229945,0.0,
0.6317594,-1.030221,-0.13558525,0.0,
0.6023484,-1.0303849,-0.15004739,155.0,
0.6125773,-1.0328463,-0.14306988,0.0,
0.6237623,-1.0393649,-0.13228081,0.0,
0.6261913,-1.039869,-0.13063848,0.0,
0.6319243,-1.0436109,-0.124690086,0.0,
0.64324796,-1.0423403,-0.1198415,0.0,
0.6273295,-1.0387287,-0.13096906,0.0,
0.63332653,-1.0387287,-0.13096906,0.0,
0.61744684,-1.0351573,-0.14188798,38.0,
0.6314683,-1.0340074,-0.13572909,0.0,
0.64014834,-1.0363047,-0.12944111,0.0,
0.6405843,-1.0362283,-0.12928024,83.0,
0.62198013,-1.0384272,-0.13700692,0.0,
0.60703593,-1.041716,-0.14202926,0.0,
0.6032343,-1.0430714,-0.1429179,0.0,
0.60748273,-1.0430714,-0.1429179,74.0,
0.60082513,-1.0450449,-0.14480269,0.0,
0.61711234,-1.0417019,-0.13906243,0.0,
0.6449554,-1.0293491,-0.13485314,0.0,
0.6644306,-1.0165778,-0.13587129,0.0,
0.66830623,-1.0109996,-0.1387823,38.0,
0.65470505,-1.01602,-0.14115275,0.0,
0.6612624,-1.01602,-0.14115275,174.0,
0.6382441,-1.0260488,-0.14417592,0.0,
0.61088777,-1.038833,-0.14770363,0.0,
0.59497637,-1.0476763,-0.14902921,0.0,
0.62159765,-1.042129,-0.13965735,0.0,
0.66758,-1.0349414,-0.12177666,1.0,
0.6687713,-1.0358052,-0.12041864,0.0,
0.62900716,-1.0442584,-0.1341401,0.0,
0.6118587,-1.0444436,-0.14284638,0.0,
0.61330575,-1.03542,-0.14914942,21.0,
0.6346896,-1.0272802,-0.14494315,0.0,
0.658865,-1.0220567,-0.1371967,15.0,
0.66719025,-1.0221964,-0.13289064,153.0,
0.6731295,-1.0221964,-0.13289064,0.0,
0.6506495,-1.0294327,-0.1381447,0.0,
0.6078732,-1.0423548,-0.1495356,0.0,
0.6011922,-1.0507438,-0.14654432,0.0,
0.6217344,-1.0481374,-0.13787895,0.0,
0.6439747,-1.0375414,-0.13485435,0.0,
0.66424644,-1.0254364,-0.13461007,0.0,
0.6594823,-1.0229397,-0.13914445,39.0,
0.6461509,-1.0266386,-0.1427434,0.0,
0.63175744,-1.0337225,-0.14421147,0.0,
0.6434346,-1.037192,-0.13541941,105.0,
0.6547076,-1.0390695,-0.12802175,0.0,
0.63911355,-1.0442871,-0.13187803,0.0,
0.6022141,-1.0511409,-0.14571255,0.0,
0.58943814,-1.0546716,-0.14969146,0.0,
0.6366566,-1.050636,-0.12804708,51.0,
0.6398541,-1.050636,-0.12804708,0.0,
0.6932332,-1.0409768,-0.10765974,0.0,
0.69287777,-1.0295475,-0.11794904,0.0,
0.65520585,-1.0233989,-0.14259748,38.0,
0.6304212,-1.022572,-0.1556023,0.0,
0.62045115,-1.0227557,-0.16034602,160.0,
0.6227095,-1.0257821,-0.15681604,0.0,
0.63501525,-1.0353994,-0.14289312,0.0,
0.6412889,-1.0509437,-0.12703589,0.0,
0.62323713,-1.0625303,-0.12750243,0.0,
0.6018067,-1.0620426,-0.13936704,0.0,
0.5994026,-1.0485598,-0.15082437,0.0,
0.6057017,-1.0324706,-0.15997136,0.0,
0.60920984,-1.0324706,-0.15997136,0.0,
0.6061542,-1.0264419,-0.16617396,42.0,
0.6175661,-1.0278403,-0.15945975,0.0,
0.6506855,-1.0255089,-0.14482798,41.0,
0.68393207,-1.0198467,-0.1328743,0.0,
0.6959714,-1.0038966,-0.14113973,122.0,
0.6967203,-0.99558663,-0.1483624,0.0,
0.68944067,-1.0059326,-0.142514,0.0,
0.6715557,-1.0235406,-0.13594186,0.0,
0.6669863,-1.0347382,-0.1286925,0.0,
0.67047024,-1.0371563,-0.12480828,0.0,
0.67461705,-1.0371563,-0.12480828,0.0,
0.6640366,-1.0351695,-0.13205333,39.0,
0.64393735,-1.0330651,-0.14419216,0.0,
0.6368526,-1.0309125,-0.14955935,0.0,
0.6580001,-1.0267581,-0.14226569,156.0,
0.6860388,-1.0221685,-0.13189523,0.0,
0.6932591,-1.0206404,-0.129541,0.0,
0.6679548,-1.0246906,-0.13895366,0.0,
0.63386077,-1.0268918,-0.15433437,0.0,
0.6077955,-1.0305578,-0.16440964,0.0,
0.6093819,-1.03226,-0.16229692,0.0,
0.64211375,-1.0276098,-0.14960225,0.0,
0.6418435,-1.0276098,-0.14960225,0.0,
0.6770495,-1.0220612,-0.13635263,21.0,
0.67101145,-1.0171089,-0.14370479,15.0,
0.6731539,-1.0171089,-0.14370479,176.0,
0.6310857,-1.0153253,-0.16611244,0.0,
0.60682535,-1.0164602,-0.17697951,0.0,
0.62391925,-1.0173361,-0.16799432,0.0,
0.6572474,-1.0166256,-0.15211433,0.0,
0.6635897,-1.0194719,-0.1465172,0.0,
0.63156575,-1.0256289,-0.15755,0.0,
0.60082513,-1.0319562,-0.1679816,0.0,
0.5855556,-1.0335567,-0.17438468,0.0,
0.62094784,-1.027017,-0.16176108,38.0,
0.68365216,-1.0157034,-0.13960491,0.0,
0.7105032,-1.0106782,-0.1304117,0.0,
0.67925596,-1.0155277,-0.141989,106.0,
0.6077485,-1.024734,-0.1701007,0.0,
0.58873147,-1.0235859,-0.18027508,0.0,
0.6061365,-1.0141697,-0.17909408,0.0,
0.63892025,-1.0019763,-0.1732833,0.0,
0.6841842,-0.9980801,-0.15492989,45.0,
0.69050956,-1.0032189,-0.14723901,0.0,
0.69428134,-1.0032189,-0.14723901,0.0,
0.6609062,-1.0062883,-0.16105123,40.0,
0.6314445,-1.0045693,-0.1767275,0.0,
0.6119212,-1.0034289,-0.18687695,0.0,
0.59320873,-1.008837,-0.1914662,154.0,
0.59748477,-1.008837,-0.1914662,0.0,
0.59688383,-1.016299,-0.18606703,0.0,
0.62767833,-1.0157909,-0.17141978,0.0,
0.6772269,-1.0033578,-0.15731485,0.0,
0.7199826,-0.99611866,-0.14250012,0.0,
0.72452784,-1.0025324,-0.13420887,0.0,
0.6775825,-1.0177789,-0.14463972,0.0,
0.61688143,-1.0317732,-0.16423829,41.0,
0.5968184,-1.0302374,-0.17555778,0.0,
0.6289825,-1.0146161,-0.17171772,0.0,
0.6716909,-1.000639,-0.16240257,41.0,
0.6961755,-0.9958318,-0.15461943,0.0,
0.69631356,-0.9958318,-0.15461943,116.0,
0.6870742,-1.0015038,-0.15418637,0.0,
0.653217,-1.0117849,-0.16233945,0.0,
0.6129734,-1.0220506,-0.1742377,0.0,
0.58719236,-1.026684,-0.18358564,0.0,
0.5741088,-1.0243235,-0.19177078,0.0,
0.5802401,-1.0170729,-0.19407248,0.0,
0.5950939,-1.0140984,-0.18910785,42.0,
0.63615274,-1.0166947,-0.16686958,0.0,
0.64340746,-1.0166947,-0.16686958,166.0,
0.6533162,-1.0247197,-0.15524231,0.0,
0.6460577,-1.0205051,-0.16242978,0.0,
0.6112703,-1.0067174,-0.19071981,0.0,
0.5992459,-0.99438286,-0.20591927,0.0,
0.61449134,-0.97803783,-0.2116964,0.0,
0.65707725,-0.95976806,-0.20793316,0.0,
0.6794976,-0.95165014,-0.20527531,0.0,
0.685476,-0.95518446,-0.19946425,0.0,
0.65114737,-0.973011,-0.19927701,10.0,
0.60346806,-0.9956907,-0.20294726,24.0,
0.58660144,-1.0096331,-0.20040943,0.0,
0.5967918,-1.0096331,-0.20040943,159.0,
0.6246367,-1.007032,-0.18871617,0.0,
0.6208978,-1.000308,-0.19582258,0.0,
0.6055276,-0.99756986,-0.20532955,0.0,
0.6239617,-0.99473333,-0.19873677,0.0,
0.648049,-0.98774874,-0.19285922,0.0,
0.64968467,-0.978946,-0.19939098,0.0,
0.6327541,-0.9778375,-0.20815115,0.0,
0.63914454,-0.9822884,-0.20155999,38.0,
0.64662015,-0.9888562,-0.19262971,0.0,
0.6299154,-0.99399114,-0.1964733,0.0,
0.6108053,-0.9941323,-0.20547092,85.0,
0.5947939,-0.9940507,-0.21307096,0.0,
0.60118324,-0.9947714,-0.20952445,0.0,
0.61720663,-0.9968249,-0.2003276,0.0,
0.6419426,-0.98993856,-0.19398256,71.0,
0.64997816,-0.98993856,-0.19398256,0.0,
0.6657766,-0.9841263,-0.19116859,0.0,
0.6695587,-0.9788974,-0.19379458,0.0,
0.6449211,-0.98342913,-0.20175987,0.0,
0.62155837,-0.9913147,-0.20656669,42.0,
0.612339,-0.99740106,-0.20625755,0.0,
0.61942774,-0.99740106,-0.20625755,164.0,
0.61787343,-1.0012481,-0.20404673,0.0,
0.6391163,-0.9990084,-0.19528688,0.0,
0.66399205,-0.9957223,-0.18553087,0.0,
0.6776069,-0.99234885,-0.18152347,0.0,
0.67654413,-0.99156046,-0.18272874,0.0,
0.66010046,-0.98966646,-0.19250432,0.0,
0.64513415,-0.9887413,-0.20059745,0.0,
0.6220382,-0.9884749,-0.21194963,0.0,
0.6126494,-0.9917326,-0.21391402,22.0,
0.61010456,-0.992241,-0.21474257,0.0,
0.6261847,-0.9870877,-0.21105848,15.0,
0.62844425,-0.9870877,-0.21105848,156.0,
0.65351427,-0.98358166,-0.20170473,0.0,
0.6563775,-0.986759,-0.19768994,0.0,
0.64221025,-0.99400204,-0.19882466,0.0,
0.6323573,-1.0011171,-0.19811068,0.0,
0.63384235,-0.9995911,-0.19856426,0.0,
0.64082366,-0.98774356,-0.20452271,0.0,
0.64001304,-0.98076403,-0.21052456,0.0,
0.6447985,-0.9817732,-0.2074082,40.0,
0.64728475,-0.98891604,-0.20040897,0.0,
0.6524703,-0.992735,-0.19473825,0.0,
0.6704081,-0.9962264,-0.18281017,140.0,
0.69882375,-0.99834085,-0.16631965,0.0,
0.6863922,-0.998992,-0.17224713,0.0,
0.656729,-0.99774903,-0.18850935,0.0,
0.6623971,-0.9956091,-0.18739375,0.0,
0.6663242,-0.9927646,-0.18776433,0.0,
0.6586093,-0.9884978,-0.19515476,0.0,
0.65408146,-0.98567,-0.19971393,12.0,
0.6562163,-0.98567,-0.19971393,0.0,
0.67555153,-0.9824101,-0.19285104,39.0,
0.6744799,-0.98684764,-0.18963836,0.0,
0.67484,-0.98684764,-0.18963836,173.0,
0.6618971,-0.994272,-0.19003326,0.0,
0.6475116,-0.99731505,-0.19487688,0.0,
0.64961916,-0.9981953,-0.19310074,0.0,
0.64468,-0.9979765,-0.19578487,0.0,
0.6310509,-0.9990482,-0.20182683,0.0,
0.64427155,-1.0007709,-0.19377092,0.0,
0.63212055,-0.99852943,-0.20169277,0.0,
0.64749193,-0.99202675,-0.19912544,0.0,
0.6595294,-0.98784995,-0.19649453,25.0,
0.6960332,-0.97836995,-0.18623322,0.0,
0.6996189,-0.9801688,-0.18285257,40.0,
0.67075336,-0.99057543,-0.18858723,0.0,
0.6717995,-0.99057543,-0.18858723,127.0,
0.6730829,-0.9935435,-0.18545863,0.0,
0.6940855,-0.9926738,-0.1753464,0.0,
0.7040969,-0.99499506,-0.16809672,0.0,
0.67901134,-0.99751765,-0.1790765,0.0,
0.65193564,-1.0079074,-0.18469423,0.0,
0.639737,-1.0230992,-0.17920749,0.0,
0.6678952,-1.0204703,-0.16608672,40.0,
0.70195687,-1.0227888,-0.14538233,0.0,
0.65958565,-1.0319031,-0.16148722,0.0,
0.632067,-1.0319425,-0.17656337,129.0,
0.61067164,-1.0275638,-0.19135259,0.0,
0.62957466,-1.0236776,-0.18419927,0.0,
0.59086514,-1.0253974,-0.20336837,0.0,
0.58612174,-1.0191711,-0.21027172,0.0,
0.6185667,-1.0133196,-0.19784008,0.0,
0.6159109,-1.0133196,-0.19784008,26.0,
0.60690176,-1.0191531,-0.19812363,0.0,
0.59139735,-1.0233536,-0.2030817,40.0,
0.58129334,-1.0209432,-0.2100035,0.0,
0.5972172,-1.0152812,-0.20594792,0.0,
0.6033418,-1.0152812,-0.20594792,172.0,
0.5961405,-1.0225706,-0.2042502,0.0,
0.75916153,-0.99791324,-0.13875881,0.0,
0.73285764,-1.0302031,-0.12387956,0.0,
0.47477534,-1.0813915,-0.23073164,0.0,
0.50066173,-1.0823184,-0.21587361,0.0,
0.6598979,-1.024329,-0.1693868,0.0,
0.6184005,-1.0508673,-0.17149971,0.0,
0.60618407,-1.0523443,-0.17717624,0.0,
0.6067659,-1.0367554,-0.18827306,23.0,
0.5188029,-1.0536449,-0.22347565,0.0,
0.48692444,-1.0734615,-0.22862332,58.0,
0.48940834,-1.095951,-0.21425903,0.0,
0.40696886,-1.1227176,-0.24772134,0.0,
0.23687398,-1.1455845,-0.3381576,111.0,
0.27647546,-1.1455845,-0.3381576,0.0,
0.014941739,-1.1416107,-0.48691353,0.0,
-0.1955262,-1.1356927,-0.60351247,0.0,
-0.36896452,-1.154221,-0.71023643,0.0,
-0.43356663,-1.158686,-0.75176567,0.0,
-0.48847467,-1.1683321,-0.7914515,30.0,
-0.527228,-1.179743,-0.8232488,0.0,
-0.58303857,-1.1728091,-0.85600495,164.0,
-0.5016055,-1.1728091,-0.85600495,0.0,
-0.5727239,-1.1736917,-0.90220773,0.0,
-0.6913321,-1.1780056,-0.9847325,0.0,
-0.83046645,-1.1767068,-1.0825281,0.0,
-0.9421479,-1.1537856,-1.1436266,0.0,
-0.9619989,-1.1138116,-1.1160355,0.0,
-0.9546556,-1.0948863,-1.0897862,0.0,
-0.955916,-1.0838727,-1.0783408,0.0,
-0.99296564,-1.0827023,-1.1036489,38.0,
-0.98179674,-1.1141824,-1.1311785,0.0,
-1.9115374,-1.1025586,-2.0764556,0.0,
-1.9246436,-1.0799313,-2.0723855,22.0,
-1.0361022,-1.0781367,-1.1301632,134.0,
-0.94873405,-1.0781367,-1.1301632,0.0,
-0.7379451,-1.0608404,-0.98307925,0.0,
-1.2231321,-1.1428001,-1.4265205,0.0,
-1.4788653,-1.1922089,-1.7354279,0.0,
-1.6932042,-1.157269,-1.9276055,0.0,
-1.594208,-1.1865987,-1.8510535,0.0,
-1.3204402,-1.2045909,-1.5933603,0.0,
-1.1146996,-1.1879511,-1.3882031,42.0,
-0.9693505,-1.1785477,-1.2598151,0.0,
-0.92826617,-1.1627043,-1.2115556,139.0,
-0.8787467,-1.1629746,-1.1756086,0.0,
-0.8677877,-1.1702718,-1.1751349,0.0,
-0.7585805,-1.1808515,-1.1080182,0.0,
-0.6766919,-1.1975077,-1.0658824,0.0,
-0.5587458,-1.207248,-0.9937637,0.0,
-0.41230053,-1.2094136,-0.90010774,0.0,
-0.31319317,-1.2094136,-0.90010774,30.0,
-0.1457115,-1.1981325,-0.79755783,0.0,
0.08354634,-1.1616068,-0.6696027,38.0,
0.29419902,-1.1261331,-0.57033813,0.0,
0.44572532,-1.0871903,-0.5156179,0.0,
0.5509366,-1.0623765,-0.4826392,154.0,
0.65578836,-1.0337384,-0.45756805,0.0,
0.7229139,-1.0109317,-0.44879448,0.0,
0.6697033,-1.0178714,-0.46589902,0.0,
0.58615136,-1.0436342,-0.48093602,0.0,
0.68735635,-1.0329577,-0.44354928,0.0,
0.76155084,-1.0272558,-0.41343838,0.0,
0.83233684,-1.0272558,-0.41343838,0.0,
0.8501228,-1.0232041,-0.40883476,41.0,
0.8034019,-1.0344311,-0.4204086,0.0,
0.7114174,-1.0369514,-0.46403027,0.0,
0.63241535,-1.0325067,-0.505076,78.0,
0.6195198,-1.0218904,-0.5200008,0.0,
0.63349885,-1.0167128,-0.51854664,0.0,
0.6693387,-1.0164038,-0.50329775,0.0,
0.72793627,-1.0159618,-0.47734195,94.0,
0.7601563,-1.0186749,-0.45933095,0.0,
0.7442324,-1.0206228,-0.46486944,0.0,
0.7329064,-1.0249833,-0.46573967,0.0,
0.78548604,-1.0249833,-0.46573967,0.0,
0.79126287,-1.0287954,-0.45861593,24.0,
0.81036484,-1.0292,-0.44829252,0.0,
0.82252747,-1.0295527,-0.4415068,172.0,
0.83296937,-1.0302078,-0.43520442,0.0,
0.84813356,-1.0305369,-0.42665273,0.0,
0.8217,-1.0358541,-0.43476412,0.0,
0.8073221,-1.0354838,-0.44284126,0.0,
0.8080335,-1.0321289,-0.44621944,0.0,
0.84568435,-1.0185392,-0.44217035,0.0,
0.8624167,-1.0171309,-0.43502888,0.0,
0.902182,-1.0171309,-0.43502888,0.0,
0.9001692,-1.018077,-0.43496832,25.0,
0.8722537,-1.0222586,-0.44532722,0.0,
0.9008371,-1.0222586,-0.44532722,167.0,
0.88209945,-1.0295916,-0.4471184,0.0,
0.8544339,-1.0356354,-0.4557216,0.0,
0.82852393,-1.0404326,-0.46481535,0.0,
0.823763,-1.0418174,-0.46592894,0.0,
0.87576365,-1.0333654,-0.44623932,0.0,
0.94834036,-1.0196638,-0.4207985,0.0,
0.9672916,-1.0144085,-0.41634172,0.0,
0.90986276,-1.0150698,-0.4491463,0.0,
0.8663708,-1.0126892,-0.47619557,38.0,
0.8365403,-1.0175481,-0.4864508,0.0,
0.841789,-1.0248492,-0.47519913,0.0,
0.89997363,-1.0266361,-0.4404268,108.0,
0.93979865,-1.0287981,-0.41415134,0.0,
0.93289226,-1.0334862,-0.41238496,0.0,
0.8764786,-1.0407134,-0.4371268,0.0,
0.84599334,-1.0367846,-0.45915654,0.0,
0.82607794,-1.0367846,-0.45915654,43.0,
0.82865965,-1.0294882,-0.46576828,0.0,
0.8484735,-1.0211083,-0.4642304,0.0,
0.8489617,-1.0208735,-0.46422905,0.0,
0.90051955,-1.0137963,-0.44356257,38.0,
0.9304156,-1.0144929,-0.42526907,0.0,
0.8224849,-1.0144929,-0.42526907,161.0,
0.8502709,-1.01636,-0.4076991,0.0,
0.849462,-1.0198288,-0.4042787,0.0,
0.817523,-1.0234361,-0.41836613,0.0,
0.7526495,-1.0296781,-0.44746137,0.0,
0.70987666,-1.0365151,-0.46369618,0.0,
0.71762115,-1.0361594,-0.45993206,0.0,
0.76632,-1.0229044,-0.44687968,0.0,
0.8169214,-1.0101625,-0.43300784,0.0,
0.81074274,-1.0088266,-0.4377816,55.0,
0.7746341,-1.0166608,-0.4487925,0.0,
0.77679086,-1.0232999,-0.44086245,0.0,
0.79328644,-1.0245783,-0.43057752,22.0,
0.6325114,-1.0245783,-0.43057752,130.0,
0.6388875,-1.0225943,-0.42892313,0.0,
0.6182212,-1.0198898,-0.4414769,0.0,
0.57783777,-1.02077,-0.46068895,0.0,
0.54648024,-1.02281,-0.4743841,0.0,
0.56550384,-1.0238669,-0.46445355,0.0,
0.59874946,-1.0246081,-0.4475491,0.0,
0.6226308,-1.0232743,-0.43661457,37.0,
0.6503654,-1.017581,-0.42718235,0.0,
0.6589464,-1.0101153,-0.42907092,0.0,
0.64861023,-1.0043002,-0.43903595,154.0,
0.54985636,-1.0043002,-0.43903595,0.0,
0.53614,-0.995793,-0.4512167,0.0,
0.49092203,-0.9977639,-0.47056752,0.0,
0.4940702,-1.0051061,-0.46463123,0.0,
0.48668835,-1.0152917,-0.46189022,0.0,
0.48741147,-1.0179191,-0.45996875,0.0,
0.5230009,-1.0163726,-0.4438811,0.0,
0.54501194,-1.0191288,-0.4313317,8.0,
0.52570003,-1.0191438,-0.4407801,29.0,
0.48584774,-1.0204695,-0.45918512,0.0,
0.4666474,-1.0204695,-0.45918512,160.0,
0.44975516,-1.0217513,-0.4665144,0.0,
0.46054468,-1.0178245,-0.46358737,0.0,
0.4547211,-1.0123783,-0.4693771,0.0,
0.47590694,-1.0046573,-0.46400288,0.0,
0.49052435,-1.0013525,-0.45925105,0.0,
0.49298325,-1.0072002,-0.45455858,0.0,
0.5019325,-1.0121796,-0.44728374,0.0,
0.5130826,-1.0122997,-0.44188127,0.0,
0.5092934,-1.0128523,-0.4433497,44.0,
0.48740482,-1.0130805,-0.45363557,0.0,
0.46339118,-1.0199881,-0.46101218,72.0,
0.4758018,-1.018434,-0.4559888,0.0,
0.5076666,-1.0127858,-0.44417018,0.0,
0.5258302,-1.0039533,-0.4411596,0.0,
0.5097003,-1.0045596,-0.44836363,82.0,
0.5072829,-1.0045596,-0.44836363,0.0,
0.47156194,-1.0144414,-0.4592325,0.0,
0.4639382,-1.0229857,-0.45797792,0.0,
0.49047142,-1.0227609,-0.44526315,0.0,
0.49959442,-1.0161533,-0.44484356,41.0,
0.49737042,-1.0091848,-0.45016882,0.0,
0.49790636,-1.0091848,-0.45016882,166.0,
0.50322384,-1.0043889,-0.45061848,0.0,
0.5019922,-1.0041456,-0.45134613,0.0,
0.50208855,-1.0049866,-0.45078063,0.0,
0.5048548,-1.0100095,-0.44636247,0.0,
0.50828826,-1.012447,-0.4432055,0.0,
0.4920806,-1.0121255,-0.45114502,0.0,
0.48578992,-1.0102104,-0.45527244,0.0,
0.4809031,-1.012378,-0.45629415,0.0,
0.4959686,-1.0093476,-0.45098624,35.0,
0.48482788,-1.0102338,-0.45571196,0.0,
0.45393962,-1.0130713,-0.4685709,0.0,
0.44898218,-1.0175456,-0.46842524,26.0,
0.47215742,-1.0209146,-0.4554891,136.0,
0.4906653,-1.0240873,-0.4446424,0.0,
0.4790949,-1.0244054,-0.45010564,0.0,
0.48244053,-1.0152671,-0.4538587,0.0,
0.505987,-1.0014081,-0.45118254,0.0,
0.5210716,-0.9948476,-0.44835535,0.0,
0.49250513,-1.0035186,-0.45615602,0.0,
0.49381834,-1.0035186,-0.45615602,0.0,
0.472157,-1.0098373,-0.46254998,38.0,
0.4803977,-1.003421,-0.46245745,0.0,
0.52375376,-0.9954682,-0.4472593,169.0,
0.5669616,-0.9974218,-0.4255346,0.0,
0.56982106,-1.0084208,-0.41644463,0.0,
0.54407096,-1.019742,-0.42154625,0.0,
0.533997,-1.0242388,-0.4236533,0.0,
0.49466914,-1.0336144,-0.437608,0.0,
0.41386548,-1.0444611,-0.4721243,0.0,
0.34918284,-1.0602009,-0.49735034,0.0,
0.3494567,-1.0602009,-0.49735034,0.0,
0.38703883,-1.0556705,-0.48032802,4.0,
0.47226903,-1.0330158,-0.4492322,33.0,
0.5532218,-1.0042543,-0.42743734,0.0,
0.5956129,-0.9801515,-0.42439666,157.0,
0.6080766,-0.96621394,-0.429179,0.0,
0.57243776,-0.9704368,-0.44211715,0.0,
0.506537,-0.9919728,-0.45743158,0.0,
0.44171244,-1.0152631,-0.47386605,0.0,
0.43890125,-1.0190408,-0.47316366,0.0,
0.4666854,-1.0196718,-0.4595629,0.0,
0.46789876,-1.0196718,-0.4595629,0.0,
0.4785857,-1.0248232,-0.4514068,37.0,
0.4807924,-1.0333277,-0.4453787,0.0,
0.49400735,-1.0377101,-0.43612263,0.0,
0.52310663,-1.0295578,-0.4263118,138.0,
0.5421678,-1.0160601,-0.4254567,0.0,
0.5243269,-1.0054958,-0.44104868,0.0,
0.51383066,-0.9968794,-0.45150357,0.0,
0.5326409,-0.9914148,-0.44629198,0.0,
0.5261189,-0.99696356,-0.44570795,0.0,
0.50367326,-1.0123352,-0.44667017,0.0,
0.48101875,-1.0286548,-0.44798046,13.0,
0.48031265,-1.0286548,-0.44798046,0.0,
0.48903543,-1.0348161,-0.4400082,38.0,
0.51230353,-1.0288038,-0.4318906,0.0,
0.5357667,-1.0207212,-0.425225,159.0,
0.534117,-1.0207212,-0.425225,0.0,
0.5200101,-1.0195155,-0.4330181,0.0,
0.50525886,-1.0135078,-0.4439882,0.0,
0.5307477,-1.0060823,-0.4363898,0.0,
0.5496366,-1.0014004,-0.430401,0.0,
0.5293452,-1.0076488,-0.43604916,0.0,
0.4802107,-1.0184608,-0.45312637,0.0,
0.4610595,-1.0271221,-0.45749202,0.0,
0.463998,-1.0183072,-0.4610178,55.0,
0.5410337,-1.0074499,-0.43051457,0.0,
0.62610435,-0.9995531,-0.3941118,0.0,
0.6270603,-0.99761575,-0.3951273,41.0,
0.6406303,-1.0036302,-0.38354918,0.0,
0.61266005,-1.0196619,-0.3857862,112.0,
0.6127955,-1.0196619,-0.3857862,0.0,
0.52688444,-1.0436627,-0.41418466,0.0,
0.41971034,-1.062992,-0.45924443,0.0,
0.39205644,-1.0634276,-0.4733856,0.0,
0.41741017,-1.0583228,-0.46276596,0.0,
0.46897885,-1.0438243,-0.44402656,39.0,
0.54451895,-1.0258361,-0.4165997,0.0,
0.59740794,-1.0210373,-0.39278075,0.0,
0.60899067,-1.0210373,-0.39278075,153.0,
0.5742467,-1.0304592,-0.40398988,0.0,
0.49862418,-1.0511642,-0.42987674,0.0,
0.39241046,-1.0685475,-0.47581142,0.0,
0.30271542,-1.077127,-0.51853865,0.0,
0.23656853,-1.0711296,-0.5539361,0.0,
0.19387734,-1.0429937,-0.5816837,0.0,
0.13474318,-1.0460571,-0.6082482,0.0,
0.2365468,-1.0393741,-0.5629992,4.0,
0.30468553,-1.0427847,-0.53010046,35.0,
0.35284466,-1.0437673,-0.50671566,0.0,
0.36911654,-1.0437673,-0.50671566,161.0,
0.34212932,-1.0593007,-0.513152,0.0,
0.28579333,-1.0709144,-0.5367361,0.0,
0.27866924,-1.0721012,-0.5398938,0.0,
0.2744755,-1.0825623,-0.5385414,0.0,
0.31101322,-1.0826615,-0.51970476,0.0,
0.29651594,-1.0920081,-0.523877,0.0,
0.26637772,-1.0980545,-0.537757,0.0,
0.24701388,-1.0998023,-0.54747176,0.0,
0.25779995,-1.08693,-0.5457142,39.0,
0.29073033,-1.067328,-0.53552455,0.0,
0.3562202,-1.0506285,-0.5099173,136.0,
0.41267297,-1.038331,-0.48836288,0.0,
0.4093962,-1.0382284,-0.48999223,0.0,
0.35353154,-1.0517924,-0.5107238,0.0,
0.29715085,-1.0720476,-0.5306472,0.0,
0.2495157,-1.0917389,-0.54854405,0.0,
0.24148561,-1.1017469,-0.5498371,0.0,
0.27064887,-1.102841,-0.533956,30.0,
0.2829136,-1.102841,-0.533956,0.0,
0.30876192,-1.0945555,-0.5232081,40.0,
0.3325289,-1.0793146,-0.51675636,0.0,
0.34240565,-1.0639148,-0.5180868,0.0,
0.35814393,-1.0639148,-0.5180868,153.0,
0.3634434,-1.059957,-0.5172417,0.0,
0.34885147,-1.0652715,-0.5220726,0.0,
0.33968678,-1.0701331,-0.5245548,0.0,
0.33303514,-1.0715799,-0.5272654,0.0,
0.36462334,-1.0686058,-0.51279885,0.0,
0.37330002,-1.0681115,-0.5086879,0.0,
0.3753699,-1.069256,-0.50712717,0.0,
0.3576826,-1.079307,-0.5115873,38.0,
0.3468535,-1.0852801,-0.5145903,0.0,
0.3283304,-1.0881435,-0.5229824,0.0,
0.3282885,-1.085469,-0.5240693,81.0,
0.33632135,-1.0798694,-0.5222296,0.0,
0.35578534,-1.0707273,-0.5162794,0.0,
0.36473957,-1.0646335,-0.5145152,0.0,
0.37990627,-1.0646335,-0.5145152,78.0,
0.399294,-1.0601643,-0.50715154,0.0,
0.39104006,-1.0637647,-0.5094478,0.0,
0.38031575,-1.067954,-0.5127551,0.0,
0.35941917,-1.0748564,-0.52002364,0.0,
0.30798346,-1.081927,-0.5428821,36.0,
0.20424932,-1.0882666,-0.5925757,0.0,
0.19022357,-1.0778241,-0.601966,163.0,
0.29326746,-1.05182,-0.56114584,0.0,
0.42790136,-1.0275308,-0.51047975,0.0,
0.5306225,-1.0099407,-0.47431353,0.0,
0.5071752,-1.0228184,-0.47669384,0.0,
0.42431143,-1.0568272,-0.49658394,0.0,
0.36535498,-1.0914317,-0.50963485,0.0,
0.32284045,-1.1176238,-0.5214153,0.0,
0.33837977,-1.1176238,-0.5214153,0.0,
0.2588287,-1.1352183,-0.55873173,39.0,
0.18748392,-1.1402706,-0.5968675,0.0,
0.20155907,-1.1279496,-0.5920738,41.0,
0.3119009,-1.0995709,-0.54263985,0.0,
0.4076231,-1.0695812,-0.50733113,124.0,
0.42886543,-1.0695812,-0.50733113,0.0,
0.45593852,-1.0533652,-0.5031039,0.0,
0.47076318,-1.0429056,-0.50216573,0.0,
0.49889266,-1.0377066,-0.49207863,0.0,
0.4607864,-1.0355022,-0.5112093,0.0,
0.4298187,-1.0506082,-0.5171226,0.0,
0.39196184,-1.0617692,-0.5293639,38.0,
0.39291635,-1.0736282,-0.52306175,0.0,
0.36551225,-1.0823863,-0.53254503,0.0,
0.37417015,-1.0728755,-0.53264976,152.0,
0.39378363,-1.0728755,-0.53264976,0.0,
0.409051,-1.0589318,-0.532338,0.0,
0.44475693,-1.042656,-0.52442163,0.0,
0.46498942,-1.039947,-0.51662576,0.0,
0.45728654,-1.0552975,-0.511251,0.0,
0.41989863,-1.0719484,-0.5202679,0.0,
0.43486446,-1.0806303,-0.5081102,0.0,
0.55099064,-1.0719702,-0.45346698,0.0,
0.5771289,-1.0739249,-0.4382006,22.0,
0.43461037,-1.0954261,-0.5002239,15.0,
0.29245934,-1.0979975,-0.5722434,177.0,
0.3103683,-1.0979975,-0.5722434,0.0,
0.21774223,-1.0906186,-0.6205409,0.0,
0.09223617,-1.0803076,-0.6819848,0.0,
0.21108776,-1.0619327,-0.6314004,0.0,
0.30960363,-1.053806,-0.5898713,0.0,
0.32730207,-1.0541426,-0.5817415,0.0,
0.34481144,-1.0603251,-0.57107234,0.0,
0.2803332,-1.0668303,-0.59835225,0.0,
0.36361447,-1.0609983,-0.5620092,37.0,
0.2835935,-1.0831379,-0.5910121,0.0,
0.22087069,-1.088256,-0.6196768,0.0,
0.14582169,-1.0946949,-0.6544564,84.0,
0.0666292,-1.0977188,-0.692378,0.0,
0.071068384,-1.0899658,-0.69091874,0.0,
0.020023666,-1.0901108,-0.715107,0.0,
-0.00973045,-1.0864464,-0.7291542,69.0,
-0.037289042,-1.0893359,-0.74221826,0.0,
-0.008191225,-1.0951551,-0.7285218,0.0,
0.011700729,-1.0951551,-0.7285218,0.0,
0.02794845,-1.1013497,-0.72053343,41.0,
0.047149528,-1.1072147,-0.71085006,0.0,
0.07635193,-1.1081369,-0.6963306,0.0,
0.09894405,-1.1105485,-0.6848222,155.0,
0.12236267,-1.1105485,-0.6848222,0.0,
0.15705812,-1.1090842,-0.6677735,0.0,
0.16723816,-1.1120914,-0.6620605,0.0,
0.18555519,-1.1121577,-0.65280914,0.0,
0.21112351,-1.1096127,-0.64053816,0.0,
0.22266093,-1.1032567,-0.636487,0.0,
0.183971,-1.0981325,-0.65684456,0.0,
0.1502469,-1.0954597,-0.6737412,35.0,
0.14823332,-1.0931168,-0.6751481,0.0,
0.1793714,-1.0880255,-0.6613701,0.0,
0.18095163,-1.0853736,-0.6612268,24.0,
0.16530907,-1.093837,-0.66681963,150.0,
0.14732294,-1.1055628,-0.6732781,0.0,
0.14754343,-1.1163653,-0.67117476,0.0,
0.1498528,-1.1193976,-0.66943586,0.0,
0.15348074,-1.1104809,-0.66928977,0.0,
0.1542394,-1.1041341,-0.6701368,0.0,
0.18103682,-1.0960873,-0.65874004,0.0,
0.20483002,-1.0960873,-0.65874004,1.0,
0.26323223,-1.0860102,-0.6335562,23.0,
0.31458873,-1.0734688,-0.6137776,0.0,
0.3250329,-1.0703882,-0.61013174,119.0,
0.27274066,-1.0804358,-0.6309203,0.0,
0.18907246,-1.1003369,-0.66536725,0.0,
0.17936067,-1.11464,-0.6668968,0.0,
0.20542772,-1.1140084,-0.6538262,0.0,
0.2272054,-1.1046711,-0.6453979,0.0,
0.272122,-1.090371,-0.6277912,49.0,
0.28068846,-1.0831681,-0.626182,0.0,
0.30506152,-1.0831681,-0.626182,0.0,
0.29751286,-1.082532,-0.63003415,29.0,
0.28201392,-1.0853986,-0.63638467,0.0,
0.3014796,-1.0853986,-0.63638467,164.0,
0.28950718,-1.0889453,-0.64081156,0.0,
0.2527611,-1.0959253,-0.65621495,0.0,
0.22068474,-1.1068044,-0.66873133,0.0,
0.2326285,-1.1081249,-0.66240156,0.0,
0.27591196,-1.1036191,-0.6422295,0.0,
0.30176592,-1.0981429,-0.63136625,0.0,
0.30083516,-1.097691,-0.6319998,0.0,
0.26715973,-1.1015383,-0.6472966,0.0,
0.2367678,-1.104364,-0.66145563,39.0,
0.2428504,-1.102256,-0.6590864,0.0,
0.28106484,-1.0938495,-0.6431303,0.0,
0.31457824,-1.0840688,-0.63062143,47.0,
0.34388623,-1.0803936,-0.61810076,0.0,
0.33126038,-1.0836222,-0.622783,107.0,
0.32833448,-1.0833609,-0.6243015,0.0,
0.31855372,-1.085987,-0.6279347,0.0,
0.29095253,-1.0938177,-0.63831425,0.0,
0.26117718,-1.0983539,-0.6513111,0.0,
0.2590861,-1.0962462,-0.6530287,0.0,
0.2784151,-1.0962462,-0.6530287,0.0,
0.31002977,-1.0897288,-0.6400371,42.0,
0.32035863,-1.0880423,-0.63569605,0.0,
0.31490976,-1.088993,-0.63795817,170.0,
0.30907476,-1.0901929,-0.640319,0.0,
0.31576034,-1.0914866,-0.63654447,0.0,
0.31847775,-1.0919344,-0.6350337,0.0,
0.32247603,-1.092069,-0.6330179,0.0,
0.30750668,-1.0931774,-0.6399162,0.0,
0.27961206,-1.0988812,-0.6515088,0.0,
0.27652374,-1.1000674,-0.65261674,0.0,
0.2910965,-1.1000674,-0.65261674,0.0,
0.35155466,-1.0902005,-0.6267841,2.0,
0.38061216,-1.0873857,-0.61376774,33.0,
0.356535,-1.0924649,-0.62330425,0.0,
0.36493063,-1.0924649,-0.62330425,157.0,
0.34697816,-1.098921,-0.6293242,0.0,
0.37611908,-1.095831,-0.61613715,0.0,
0.35615858,-1.097335,-0.625438,0.0,
0.29560792,-1.1065984,-0.65196127,0.0,
0.26315305,-1.115746,-0.6651601,0.0,
0.2796629,-1.1143883,-0.65720326,0.0,
0.3359345,-1.1041375,-0.63262063,0.0,
0.3833538,-1.093482,-0.61364716,37.0,
0.38257828,-1.0884706,-0.61647815,0.0,
0.3455051,-1.0836732,-0.6367774,0.0,
0.30651924,-1.0796638,-0.6569892,101.0,
0.3067214,-1.0751727,-0.65866196,0.0,
0.29993817,-1.0798248,-0.66001725,0.0,
0.3094777,-1.089261,-0.65179855,0.0,
0.31316823,-1.1030614,-0.6445168,0.0,
0.32283074,-1.1073092,-0.63793445,52.0,
0.3233029,-1.0990307,-0.64108896,0.0,
0.3191286,-1.0850403,-0.6488544,0.0,
0.31828177,-1.0850403,-0.6488544,0.0,
0.3221597,-1.0743376,-0.6514175,37.0,
0.3265332,-1.0689858,-0.6516287,0.0,
0.32070866,-1.0689858,-0.6516287,174.0,
0.33598632,-1.0688708,-0.6446441,0.0,
0.3582604,-1.0696037,-0.63398623,0.0,
0.3619556,-1.0761831,-0.6292049,0.0,
0.34434566,-1.089282,-0.6317813,0.0,
0.32880035,-1.1054325,-0.6326192,0.0,
0.3248357,-1.1136793,-0.63124514,0.0,
0.3138764,-1.1134771,-0.6369774,0.0,
0.31806964,-1.1116093,-0.635567,0.0,
0.34023604,-1.107773,-0.6258064,31.0,
0.36643198,-1.1032436,-0.6144465,0.0,
0.3745112,-1.0946761,-0.6143858,34.0,
0.38122478,-1.0840687,-0.6161691,0.0,
0.37725797,-1.0840687,-0.6161691,130.0,
0.3713616,-1.0781213,-0.62186813,1.0,
0.35805532,-1.0809612,-0.62693113,0.0,
0.3321455,-1.0897452,-0.6356072,0.0,
0.30534115,-1.1011989,-0.64417875,0.0,
0.30079067,-1.1037573,-0.6454689,0.0,
0.30987406,-1.098837,-0.64284754,0.0,
0.3318262,-1.0935577,-0.63415253,36.0,
0.3339787,-1.0919434,-0.63377804,0.0,
0.3393017,-1.0902791,-0.6318825,0.0,
0.33843452,-1.0902791,-0.6318825,156.0,
0.32961702,-1.0832505,-0.6391483,0.0,
0.32958016,-1.0781986,-0.6412949,0.0,
0.3425319,-1.0790154,-0.6347986,0.0,
0.33816066,-1.0867178,-0.6335508,0.0,
0.28984797,-1.0959222,-0.65341437,0.0,
0.27635932,-1.1016538,-0.6579967,0.0,
0.31384814,-1.0984197,-0.6406276,0.0,
0.36431223,-1.0909054,-0.6188649,5.0,
0.3901585,-1.0883566,-0.60728145,37.0,
0.3876848,-1.0868015,-0.6092764,0.0,
0.3644843,-1.0863943,-0.6208736,156.0,
0.34950265,-1.0875882,-0.62765026,0.0,
0.3442166,-1.0891634,-0.6295373,0.0,
0.33359164,-1.0899554,-0.6343896,0.0,
0.31207165,-1.095728,-0.64257526,0.0,
0.29865086,-1.1001209,-0.6475074,0.0,
0.32409307,-1.0991585,-0.6352326,0.0,
0.36528352,-1.0958456,-0.61609143,0.0,
0.36347505,-1.0958456,-0.61609143,0.0,
0.38422185,-1.090879,-0.6080779,36.0,
0.3578236,-1.0906955,-0.62126184,0.0,
0.3229125,-1.0917755,-0.6379542,46.0,
0.30699626,-1.0916098,-0.64579004,0.0,
0.30464023,-1.0916098,-0.64579004,123.0,
0.3171194,-1.0875416,-0.6413568,0.0,
0.3249193,-1.0870148,-0.6378053,0.0,
0.33939242,-1.0883216,-0.63022953,0.0,
0.3570581,-1.0872376,-0.62209094,0.0,
0.36265686,-1.0868462,-0.6195329,0.0,
0.34290487,-1.090316,-0.6276461,0.0,
0.3049962,-1.0957601,-0.64400697,38.0,
0.29752338,-1.0972577,-0.64710885,0.0,
0.32241866,-1.0939611,-0.63616115,0.0,
0.34846658,-1.0932478,-0.6236172,141.0,
0.335322,-1.0931748,-0.6301394,0.0,
0.32302216,-1.0920057,-0.6366678,0.0,
0.33093697,-1.0908071,-0.6332953,0.0,
0.352673,-1.0899448,-0.62301594,0.0,
0.38641956,-1.0853842,-0.6085786,0.0,
0.4101765,-1.0819006,-0.5986693,0.0,
0.41205242,-1.0819006,-0.5986693,15.0,
0.3870077,-1.0860488,-0.60885787,40.0,
0.33522603,-1.0965542,-0.6295895,0.0,
0.29643404,-1.1088866,-0.6440793,0.0,
0.2914333,-1.1123135,-0.6453446,160.0,
0.30246523,-1.1107527,-0.64031243,0.0,
0.29733562,-1.1054379,-0.64492136,0.0,
0.32796007,-1.0980238,-0.6325768,0.0,
0.36432043,-1.0863777,-0.6198118,0.0,
0.35129723,-1.0818262,-0.6281966,0.0,
0.3375362,-1.0831709,-0.63420457,0.0,
0.36071262,-1.0815736,-0.6237868,0.0,
0.3594213,-1.0815736,-0.6237868,0.0,
0.42935264,-1.0683786,-0.5969654,36.0,
0.46345013,-1.0610749,-0.5849231,0.0,
0.45290676,-1.067785,-0.58600426,74.0,
0.36617827,-1.0859076,-0.6185034,0.0,
0.2540437,-1.1076306,-0.66519386,0.0,
0.19023457,-1.1252753,-0.69257027,0.0,
0.19060767,-1.1252753,-0.69257027,81.0,
0.21416059,-1.1291809,-0.6793802,0.0,
0.263566,-1.1261586,-0.6544943,0.0,
0.30918545,-1.1159884,-0.63446003,0.0,
0.3430732,-1.1047852,-0.6217352,0.0,
0.37126172,-1.085269,-0.6165841,42.0,
0.39526868,-1.0685698,-0.6132978,0.0,
0.38359678,-1.0648127,-0.6206358,161.0,
0.38459402,-1.0648127,-0.6206358,0.0,
0.34909225,-1.0751513,-0.63227713,0.0,
0.32198212,-1.0933934,-0.63741106,0.0,
0.2961852,-1.106166,-0.64514196,0.0,
0.26495302,-1.1108676,-0.6591371,0.0,
0.23926918,-1.1123593,-0.67155594,0.0,
0.24801102,-1.1083109,-0.66844076,0.0,
0.26801595,-1.1043091,-0.6598287,0.0,
0.22683889,-1.111693,-0.67797387,41.0,
0.26128933,-1.1149287,-0.6596337,0.0,
0.31563792,-1.1028302,-0.63671106,0.0,
0.36220145,-1.0967324,-0.6160996,24.0,
0.36399788,-1.0900434,-0.61830956,131.0,
0.36790913,-1.0900434,-0.61830956,0.0,
0.38082746,-1.1003382,-0.60695124,0.0,
0.39601514,-1.0957224,-0.60157144,0.0,
0.37213546,-1.126071,-0.5992305,0.0,
0.35900456,-1.1613995,-0.5904642,0.0,
0.33078253,-1.1580094,-0.60809654,0.0,
0.42440802,-1.1145595,-0.5770681,0.0,
0.22527778,-1.111437,-0.6806239,46.0,
0.070382096,-1.0785229,-0.7597944,0.0,
-0.067117274,-1.0488439,-0.8183792,111.0,
-0.025774894,-1.0403873,-0.80128646,0.0,
-0.11063906,-1.0369309,-0.8344141,0.0,
-0.18883674,-1.0559074,-0.87002397,0.0,
-0.23253769,-1.0611846,-0.89020663,0.0,
-0.22715196,-1.0629604,-0.8883908,0.0,
-0.1685213,-1.0629604,-0.8883908,54.0,
-0.15771642,-1.0694001,-0.88503116,0.0,
-0.18317086,-1.0610968,-0.8942956,0.0,
-0.3064682,-1.0544698,-0.9456424,25.0,
-0.36510295,-1.0530329,-0.97084135,0.0,
-0.20866713,-1.0530329,-0.97084135,167.0,
-0.327412,-1.0529145,-1.020821,0.0,
-0.4425447,-1.0660629,-1.0790261,0.0,
-0.5543161,-1.0943583,-1.1531322,0.0,
-0.6259364,-1.1141365,-1.2077143,0.0,
-0.755244,-1.120638,-1.2913575,0.0,
-0.9233859,-1.1259719,-1.4093485,0.0,
-1.6265737,-1.0590574,-1.9668251,0.0,
-1.9490141,-0.92380446,-2.2313485,0.0,
-1.3907446,-1.0570378,-1.7057737,39.0,
-0.6811201,-1.0657763,-1.197945,0.0,
-0.7369847,-1.113819,-1.2736503,0.0,
-1.2091947,-1.132124,-1.6425956,52.0,
-1.5430532,-1.1092328,-1.9403456,0.0,
-1.4805773,-1.1092328,-1.9403456,102.0,
-1.5410914,-1.0768263,-1.9598265,0.0,
-1.5273987,-1.0454193,-1.897416,0.0,
-1.3316922,-1.0640229,-1.7254943,0.0,
-1.1515958,-1.0685047,-1.576351,0.0,
-0.94180584,-1.0783193,-1.4367199,0.0,
-0.85354507,-1.0836635,-1.3859171,38.0,
-0.8097469,-1.0974336,-1.3732734,0.0,
-0.8503056,-1.0994124,-1.400952,0.0,
-0.7778146,-1.0994124,-1.400952,163.0,
-0.7751935,-1.0949475,-1.3949324,0.0,
-0.73028094,-1.0896606,-1.3633044,0.0,
-0.5483928,-1.0707742,-1.2504749,0.0,
-0.2395406,-1.0409244,-1.0993845,0.0,
0.22905147,-1.0177284,-0.9261647,0.0,
0.4926656,-1.0160631,-0.8269801,0.0,
0.6276312,-1.0361812,-0.75285774,0.0,
0.6530471,-1.0741044,-0.70779353,0.0,
0.6459741,-1.1191947,-0.6738879,36.0,
0.7389056,-1.1624414,-0.5787048,0.0,
0.88137037,-1.1822485,-0.45994285,170.0,
0.88719887,-1.1822485,-0.45994285,0.0,
1.0112743,-1.1767582,-0.37107325,0.0,
1.1292181,-1.1357157,-0.32517573,0.0,
1.1268281,-1.1103647,-0.35976997,0.0,
1.1061622,-1.0813832,-0.4146541,0.0,
0.9562131,-1.0835991,-0.52047825,0.0,
0.849279,-1.0771316,-0.59716713,0.0,
0.8199225,-1.0665332,-0.6263643,0.0,
0.8708561,-1.0428329,-0.622993,39.0,
0.98733103,-1.0153818,-0.58746946,0.0,
1.090282,-0.9983146,-0.54531354,0.0,
1.1714376,-0.9850289,-0.50917363,106.0,
1.194914,-0.9843363,-0.49279568,0.0,
1.1862428,-0.98741883,-0.49417984,0.0,
1.1600524,-0.99938786,-0.49418625,0.0,
1.0949018,-1.0352424,-0.48740348,0.0,
1.0862541,-1.0352424,-0.48740348,49.0,
1.0437741,-1.0687059,-0.47223833,1.0,
1.0128846,-1.0939492,-0.46234003,0.0,
0.9971431,-1.1103475,-0.4537671,0.0,
0.98975915,-1.1043283,-0.46637267,34.0,
0.99149567,-1.087198,-0.4860005,0.0,
1.0116769,-1.0609862,-0.5049978,163.0,
1.0019522,-1.0609862,-0.5049978,0.0,
1.0209056,-1.0435016,-0.51474667,0.0,
1.0351682,-1.0298176,-0.5234823,0.0,
1.0370586,-1.0266359,-0.52657217,0.0,
1.0447025,-1.0280856,-0.51937455,0.0,
1.0527326,-1.0293742,-0.5120717,0.0,
1.0982035,-1.0251744,-0.48594943,0.0,
1.0870403,-1.0271788,-0.49107492,0.0,
1.030583,-1.037129,-0.5166641,36.0,
1.0032175,-1.0493051,-0.5191677,0.0,
0.8987153,-1.0837282,-0.5468275,19.0,
0.84564596,-1.0975081,-0.5661047,149.0,
0.83816147,-1.0975081,-0.5661047,0.0,
0.8003826,-1.0990562,-0.58845705,0.0,
0.80229765,-1.087349,-0.59908926,0.0,
0.85212964,-1.0688384,-0.5879894,0.0,
0.936185,-1.0415787,-0.56731033,0.0,
1.014709,-1.0195416,-0.54539895,0.0,
1.0692447,-1.0114524,-0.52016395,0.0,
1.0687355,-1.0213939,-0.5063301,38.0,
1.0256104,-1.0364903,-0.51526266,0.0,
0.9549167,-1.0511414,-0.5435274,0.0,
0.8912799,-1.0597575,-0.5738824,159.0,
0.85962665,-1.0597575,-0.5738824,0.0,
0.9677386,-1.0381479,-0.5325261,0.0,
0.80924684,-1.0703056,-0.59262866,0.0,
0.8113958,-1.0792737,-0.5819714,0.0,
0.6951455,-1.1217492,-0.6117885,0.0,
0.6138837,-1.1425939,-0.6440096,0.0,
0.59316236,-1.1583546,-0.6449109,0.0,
0.53780407,-1.1438277,-0.6884056,34.0,
0.5250357,-1.1236,-0.7092418,0.0,
0.6016341,-1.0898092,-0.69165266,0.0,
0.47215095,-1.0898092,-0.69165266,161.0,
0.65092057,-1.0489628,-0.631145,0.0,
0.76038873,-1.0341859,-0.5882534,0.0,
0.77851045,-1.0358893,-0.57679915,0.0,
0.6988483,-1.0548689,-0.601025,0.0,
0.5874609,-1.0822765,-0.63713413,0.0,
0.47060943,-1.1091655,-0.6807819,0.0,
0.34909153,-1.1265054,-0.73614234,0.0,
0.41001353,-1.1199546,-0.7069633,0.0,
0.24505503,-1.1519697,-0.7825689,40.0,
0.33597323,-1.1651099,-0.7268057,0.0,
0.4291894,-1.1315281,-0.6904511,142.0,
0.41510862,-1.1267152,-0.7006993,0.0,
0.51431215,-1.0972956,-0.6651103,0.0,
0.6330503,-1.062149,-0.6292061,0.0,
0.6542946,-1.0486104,-0.629737,0.0,
0.6252453,-1.0477493,-0.6450392,0.0,
0.52347994,-1.0699506,-0.6787205,0.0,
0.38100517,-1.0699506,-0.6787205,24.0,
0.29285794,-1.0994732,-0.70851606,0.0,
0.23074622,-1.132888,-0.729245,40.0,
0.21235412,-1.1500107,-0.73441505,0.0,
0.24552658,-1.1659665,-0.71133864,0.0,
0.27223557,-1.1380227,-0.70547265,153.0,
0.20847705,-1.1380227,-0.70547265,0.0,
0.12365874,-1.1434989,-0.74971724,0.0,
0.20634076,-1.1143868,-0.71271706,0.0,
0.2672526,-1.0966846,-0.6877097,0.0,
0.3165697,-1.0988714,-0.66252,0.0,
0.34617603,-1.0626798,-0.6636363,0.0,
0.3155278,-1.0623038,-0.67774695,0.0,
0.35360777,-1.0384873,-0.67128,39.0,
0.39686996,-1.0422255,-0.65068173,0.0,
0.45781788,-1.0120128,-0.6415589,0.0,
0.3348329,-1.0445331,-0.67665726,63.0,
0.27879414,-1.0519326,-0.69799733,0.0,
0.22539862,-1.0618311,-0.7181272,0.0,
0.16077721,-1.0731702,-0.74405986,92.0,
0.16279331,-1.0842189,-0.7408583,0.0,
0.12958543,-1.1195705,-0.75041765,0.0,
0.29256704,-1.0761863,-0.68289673,0.0,
0.091926776,-1.1332318,-0.76786125,0.0,
0.10276404,-1.1332318,-0.76786125,0.0,
0.13327137,-1.1253552,-0.75317425,56.0,
0.08413802,-1.115656,-0.7794539,0.0,
0.004090579,-1.1147155,-0.819465,0.0,
-0.05768977,-1.1133525,-0.85014987,139.0,
-0.08155232,-1.0924038,-0.8598659,0.0,
-0.062949084,-1.1045575,-0.85206807,0.0,
0.025831787,-1.0559987,-0.8105607,0.0,
-0.19320412,-1.0845298,-0.9109129,0.0,
-0.19511233,-1.0693934,-0.90804714,0.0,
-0.18387306,-1.053363,-0.8992271,0.0,
-0.12535632,-1.053363,-0.8992271,0.0,
-0.14736418,-1.0540818,-0.9086646,36.0,
-0.276498,-1.07156,-0.9703878,0.0,
-0.16090097,-1.0694486,-0.9175875,15.0,
-0.066693336,-1.0694486,-0.9175875,155.0,
-0.20390409,-1.1092263,-0.98819685,0.0,
-0.28465286,-1.1305138,-1.0361384,0.0,
-0.20222127,-1.1398569,-0.9951685,0.0,
0.040820826,-1.0912033,-0.8697063,0.0,
-0.23681964,-1.1212434,-1.0081363,0.0,
-0.27254298,-1.118798,-1.0257055,0.0,
-0.25673324,-1.1067392,-1.013671,0.0,
-0.25363666,-1.1154554,-1.0149312,41.0,
-0.30297548,-1.1227176,-1.042916,0.0,
-0.4312358,-1.1191574,-1.1094387,0.0,
-0.4251665,-1.1204636,-1.1068559,65.0,
-0.38027033,-1.0914057,-1.0687586,0.0,
-0.6004141,-1.0816206,-1.1759672,0.0,
-0.6615554,-1.0815873,-1.2094345,86.0,
-0.5407567,-1.0815873,-1.2094345,0.0,
-0.8490566,-1.1147029,-1.4178774,0.0,
-1.7186688,-1.0139742,-2.0867443,0.0,
-1.4731001,-1.1129298,-1.9407928,0.0,
-0.56938297,-1.1464928,-1.2711565,39.0,
-0.54690725,-1.1753995,-1.2773445,0.0,
-1.01257,-1.1900195,-1.6193373,0.0,
-0.92439294,-1.1900195,-1.6193373,160.0,
-1.1571251,-1.1705767,-1.7840779,0.0,
-1.2281262,-1.1400832,-1.8067667,0.0,
-1.2532412,-1.1180377,-1.7993189,0.0,
-1.1593359,-1.109869,-1.707585,0.0,
-0.98527455,-1.1156912,-1.5806692,0.0,
-0.8291786,-1.1303792,-1.4893132,0.0,
-0.7684409,-1.1356251,-1.4549726,0.0,
-0.7719775,-1.1363711,-1.4579625,0.0,
-0.6889448,-1.1350769,-1.4046609,17.0,
-0.5972649,-1.134079,-1.34917,23.0,
-0.48336762,-1.140322,-1.2885467,169.0,
-0.40879345,-1.140322,-1.2885467,0.0,
-0.22694644,-1.144045,-1.1937246,0.0,
0.03549206,-1.1484345,-1.0591005,0.0,
0.2632058,-1.1525656,-0.93917763,0.0,
0.4267508,-1.1506127,-0.85078555,0.0,
0.55896485,-1.1311857,-0.7889086,0.0,
0.5655614,-1.1104661,-0.80032724,0.0,
0.44191822,-1.1016675,-0.8703398,0.0,
0.3247607,-1.1084044,-0.9246132,38.0,
0.18031134,-1.134455,-0.9874181,0.0,
0.068468735,-1.1577117,-1.0412904,0.0,
-0.071889006,-1.185231,-1.1177849,77.0,
-0.17498264,-1.1919414,-1.1775521,0.0,
-0.23628856,-1.1927519,-1.2133129,0.0,
-0.27622935,-1.1833826,-1.2334154,0.0,
-0.23576385,-1.1888937,-1.2118555,75.0,
-0.18012884,-1.1888937,-1.2118555,0.0,
0.04860612,-1.1764693,-1.0831223,0.0,
0.15469211,-1.1655449,-1.0268576,0.0,
0.22681968,-1.1582432,-0.9898712,42.0,
0.24707344,-1.1522487,-0.98090285,0.0,
0.23126373,-1.145304,-0.99136126,0.0,
0.28060502,-1.145304,-0.99136126,156.0,
0.28118524,-1.1385497,-0.9935306,0.0,
0.31589043,-1.1294752,-0.97930324,0.0,
0.37275812,-1.1194605,-0.9550283,0.0,
0.43726632,-1.109597,-0.9277638,0.0,
0.51144874,-1.1043242,-0.8933072,0.0,
0.5951951,-1.1004584,-0.85232216,0.0,
0.6574214,-1.0986595,-0.8201263,0.0,
0.67200476,-1.1015291,-0.8095293,0.0,
0.63079745,-1.1095102,-0.82567257,44.0,
0.559996,-1.1179166,-0.8580484,0.0,
0.47820818,-1.1243716,-0.8976816,14.0,
0.38935074,-1.1323743,-0.9400535,141.0,
0.433184,-1.1323743,-0.9400535,0.0,
0.39148405,-1.1368637,-0.9596676,0.0,
0.3943873,-1.1448036,-0.95404917,0.0,
0.45019078,-1.149978,-0.92070043,0.0,
0.5009236,-1.1522319,-0.8907763,0.0,
0.55985814,-1.1491455,-0.8589992,0.0,
0.6058114,-1.145032,-0.8352265,0.0,
0.608827,-1.1431423,-0.83492935,36.0,
0.5889463,-1.142648,-0.8469171,0.0,
0.5482342,-1.1430895,-0.8700131,135.0,
0.51771975,-1.1445781,-0.88629025,0.0,
0.50193834,-1.14743,-0.89331055,0.0,
0.47617128,-1.1483344,-0.9072062,0.0,
0.47033072,-1.142981,-0.91373366,0.0,
0.47542447,-1.1353565,-0.91564125,0.0,
0.4867416,-1.1228907,-0.9174252,0.0,
0.50604033,-1.1228907,-0.9174252,32.0,
0.5376737,-1.1129793,-0.9076053,0.0,
0.5944756,-1.1019522,-0.886071,37.0,
0.64989024,-1.0993327,-0.85868317,0.0,
0.67770964,-1.1039058,-0.8393817,0.0,
0.6635587,-1.1159753,-0.83662665,158.0,
0.65088916,-1.1159753,-0.83662665,0.0,
0.5716337,-1.1335235,-0.8666691,0.0,
0.48404878,-1.1432955,-0.9082237,0.0,
0.42839628,-1.1533778,-0.9326721,0.0,
0.40098777,-1.1586784,-0.9448471,0.0,
0.41460174,-1.1624361,-0.9353048,0.0,
0.44587034,-1.1583643,-0.9201486,0.0,
0.50889355,-1.1463695,-0.8924993,0.0,
0.5780633,-1.131967,-0.86426514,38.0,
0.60964817,-1.1207671,-0.8555352,0.0,
0.60801953,-1.1117756,-0.8636977,43.0,
0.61020684,-1.1058679,-0.8673296,0.0,
0.6048794,-1.1069187,-0.8693145,129.0,
0.5178912,-1.1069187,-0.8693145,0.0,
0.50800884,-1.1133101,-0.8700082,0.0,
0.48619515,-1.1272963,-0.87217456,0.0,
0.45362526,-1.1386824,-0.8824633,0.0,
0.42232507,-1.1433274,-0.89656967,0.0,
0.41411763,-1.1426091,-0.9013536,0.0,
0.42474043,-1.1389146,-0.89774114,40.0,
0.44362023,-1.1377294,-0.8883765,0.0,
0.45548034,-1.1374139,-0.8822285,0.0,
0.47720405,-1.1365268,-0.87110764,137.0,
0.48882475,-1.1400294,-0.86258,0.0,
0.50039136,-1.1405401,-0.8559138,0.0,
0.49758705,-1.1438473,-0.85529643,0.0,
0.4674098,-1.1415424,-0.87329125,0.0,
0.4150511,-1.1512579,-0.89614403,0.0,
0.37688664,-1.1527174,-0.9160808,0.0,
0.28239867,-1.1527174,-0.9160808,14.0,
0.28197587,-1.1502814,-0.917203,40.0,
0.3363026,-1.1463908,-0.89015955,0.0,
0.40902936,-1.1399548,-0.8547536,0.0,
0.3730577,-1.1399548,-0.8547536,155.0,
0.42863432,-1.1273159,-0.832355,0.0,
0.40910548,-1.1239169,-0.8443069,0.0,
0.3523611,-1.1293621,-0.8705146,0.0,
0.3092201,-1.1387469,-0.88849264,0.0,
0.31342503,-1.146242,-0.8832456,0.0,
0.33533594,-1.1481972,-0.87085456,0.0,
0.34913027,-1.1493655,-0.86298835,0.0,
0.36247236,-1.1483455,-0.85633,38.0,
0.3398161,-1.146014,-0.8694468,0.0,
0.33363783,-1.1426748,-0.87416816,0.0,
0.33075532,-1.1401788,-0.87675893,90.0,
0.3001373,-1.1355417,-0.8944252,0.0,
0.3008197,-1.1315031,-0.8956792,0.0,
0.30418193,-1.1342609,-0.89287865,0.0,
0.31450415,-1.1363368,-0.8867693,69.0,
0.2941055,-1.1363368,-0.8867693,0.0,
0.27368984,-1.1387593,-0.89628166,0.0,
0.2691088,-1.1379864,-0.8988924,0.0,
0.2973072,-1.1384438,-0.88431275,0.0,
0.36267722,-1.1339345,-0.852603,44.0,
0.4113176,-1.1319673,-0.82830095,0.0,
0.45469338,-1.1275264,-0.80806065,156.0,
0.42967695,-1.1297593,-0.8199046,0.0,
0.350599,-1.1369134,-0.8574656,0.0,
0.26344684,-1.1473242,-0.89854413,0.0,
0.22883087,-1.1586939,-0.9130903,0.0,
0.23662128,-1.1677604,-0.9061565,0.0,
0.28116706,-1.1672,-0.88202256,0.0,
0.32574558,-1.161047,-0.8600502,0.0,
0.3167131,-1.161047,-0.8600502,0.0,
0.32641664,-1.1498532,-0.8595201,37.0,
0.32317835,-1.136165,-0.86704034,0.0,
0.31695074,-1.1215261,-0.8763581,52.0,
0.34557706,-1.1040074,-0.87022156,0.0,
0.39155644,-1.0948328,-0.8530282,0.0,
0.4183032,-1.1006914,-0.83710533,111.0,
0.41546476,-1.1006914,-0.83710533,0.0,
0.38516644,-1.1188813,-0.84227103,0.0,
0.2938912,-1.1402125,-0.8789141,0.0,
0.23184088,-1.1547406,-0.9061121,0.0,
0.22392005,-1.1610609,-0.90841687,0.0,
0.24573135,-1.1641266,-0.89579546,43.0,
0.272235,-1.1640338,-0.88151026,0.0,
0.2658436,-1.1656511,-0.88440984,0.0,
0.23508495,-1.1597788,-0.90285903,155.0,
0.23274133,-1.1597788,-0.90285903,0.0,
0.24528268,-1.1444652,-0.90111583,0.0,
0.31403774,-1.1247042,-0.87377954,0.0,
0.41741422,-1.1075392,-0.8312245,0.0,
0.50970304,-1.0991004,-0.7907875,0.0,
0.55886096,-1.0977843,-0.76687557,0.0,
0.5040559,-1.1123761,-0.7846837,0.0,
0.3730675,-1.135355,-0.8390204,0.0,
0.2316574,-1.1599199,-0.90339196,21.0,
0.15225531,-1.1759872,-0.9420978,12.0,
0.15039577,-1.18437,-0.9414748,175.0,
0.18419965,-1.1858367,-0.92228365,0.0,
0.24040008,-1.1802292,-0.8923892,0.0,
0.31598985,-1.162226,-0.8572271,0.0,
0.40017775,-1.1383947,-0.8232928,0.0,
0.49171084,-1.1163417,-0.788448,0.0,
0.5097508,-1.100429,-0.78985757,0.0,
0.46940488,-1.0896436,-0.8166991,0.0,
0.4653827,-1.0896436,-0.8166991,0.0,
0.3788595,-1.0907363,-0.8565105,36.0,
0.28331426,-1.1049367,-0.8942734,0.0,
0.23224626,-1.1254538,-0.91144395,0.0,
0.21270478,-1.1462185,-0.91505873,81.0,
0.24544497,-1.1599634,-0.8938574,0.0,
0.26144636,-1.1646445,-0.883732,0.0,
0.28320795,-1.1661278,-0.8714093,0.0,
0.27906913,-1.1661278,-0.8714093,73.0,
0.32099625,-1.1546524,-0.85331225,0.0,
0.40711758,-1.141853,-0.81352216,0.0,
0.49820217,-1.128134,-0.7731758,0.0,
0.555166,-1.1106992,-0.75515366,38.0,
0.39384666,-1.1282824,-0.82761997,0.0,
0.3424426,-1.1451776,-0.84607285,0.0,
0.35288423,-1.1508986,-0.8379285,156.0,
0.3037406,-1.1508986,-0.8379285,0.0,
0.05594583,-1.1719699,-0.9654884,0.0,
0.19415697,-1.220453,-0.8783238,0.0,
0.49188265,-1.2103399,-0.69769347,0.0,
0.65033084,-1.250696,-0.5621358,0.0,
0.7804301,-1.3034828,-0.4202466,0.0,
1.0401562,-1.333914,-0.17245933,0.0,
1.5522852,-1.1309806,0.074198395,0.0,
1.9639025,-0.75912035,0.026827298,39.0,
2.0066602,-0.68057096,-0.13576935,0.0,
2.0449724,-0.64127815,-0.23592815,96.0,
1.9829854,-0.68060344,-0.30337563,0.0,
1.9603626,-0.6903472,-0.39735612,0.0,
1.9179428,-0.71034354,-0.43806016,0.0,
1.8357216,-0.71034354,-0.43806016,75.0,
1.8980727,-0.6853984,-0.4052646,0.0,
1.842559,-0.7122857,-0.3688695,0.0,
1.8528343,-0.7076767,-0.36750224,0.0,
1.8058218,-0.7277087,-0.37925738,0.0,
1.8198755,-0.7218235,-0.37620103,26.0,
1.7638068,-0.76009214,-0.29858962,0.0,
0.13221367,-0.8632391,-0.90658736,133.0,
1.4477032,-0.7990766,-0.6232118,0.0,
2.0814092,-0.6058668,-0.45370883,0.0,
1.7244639,-0.73553663,-0.6466769,0.0,
1.2817311,-0.9038778,-0.47010827,0.0,
1.4083946,-0.8860063,-0.39957473,0.0,
1.4767969,-0.8825845,-0.33684534,0.0,
1.5835657,-0.8710883,-0.23553355,33.0,
1.459511,-0.8710883,-0.23553355,0.0,
1.4947443,-0.8600001,-0.2212036,39.0,
1.4989176,-0.8541463,-0.23023865,0.0,
1.4692278,-0.89129126,-0.18104443,0.0,
1.5248252,-0.9048714,-0.08904941,156.0,
1.5708008,-0.90674627,-0.02859292,0.0,
1.5885762,-0.84733653,-0.13256852,0.0,
1.3202065,-0.88920045,-0.33266997,0.0,
1.2730987,-0.9664199,-0.23387869,0.0,
1.8008825,-0.96322495,0.37796104,0.0,
1.7836018,-1.0323884,0.43964964,0.0,
1.7037383,-1.0323884,0.43964964,0.0,
1.1508332,-1.1864688,0.048276126,37.0,
1.1023737,-1.2770636,0.09697595,0.0,
1.3162241,-1.3754209,0.3903476,0.0,
1.4090397,-1.428827,0.52967334,43.0,
1.3913813,-1.3713218,0.46017015,0.0,
1.3316298,-1.3809329,0.4103985,131.0,
1.2945259,-1.3837978,0.3769399,0.0,
1.2421514,-1.2473096,0.1955743,0.0,
1.2276269,-1.1527734,0.07972813,0.0,
1.220796,-1.223566,0.15106167,0.0,
1.3329608,-1.3537546,0.38657916,0.0,
1.2257037,-1.3537546,0.38657916,0.0,
1.3647228,-1.4044356,0.5685469,21.0,
1.4384474,-1.375533,0.6142241,0.0,
1.4078529,-1.346821,0.55638075,130.0,
1.2408419,-1.2266992,0.27246895,0.0,
1.1015117,-1.0480787,-0.06040662,0.0,
1.0117216,-0.9387208,-0.27205765,0.0,
0.5382616,-1.002872,-0.43735993,0.0,
-0.68506444,-1.2768035,-1.1466806,0.0,
-1.8618149,-1.2659231,-2.2553983,0.0,
-1.9684722,-1.3499577,-2.442708,40.0,
-2.0954075,-1.3499577,-2.442708,0.0,
-0.5040431,-1.4107248,-0.9391555,2.0,
2.2311153,-0.37458655,0.35578457,102.0,
2.3205729,-0.23186749,0.3760563,0.0,
2.3539488,-0.119794324,0.4500813,85.0,
2.354463,-0.119794324,0.4500813,0.0,
2.411177,-0.013003929,0.4456135,0.0,
2.4032435,0.117293045,0.56697553,0.0,
2.3716273,0.0769426,0.6122797,0.0,
2.3737316,0.0071114264,0.5465055,69.0,
2.318143,-0.059233014,0.62484324,0.0,
2.367801,-0.1283934,0.41030508,155.0,
2.278079,-0.21311598,0.501574,0.0,
2.2064624,-0.24454507,0.7886519,0.0,
2.2299702,-0.2203103,0.68536913,0.0,
2.2815578,-0.14203957,0.6244015,0.0,
2.383394,-0.07787301,0.43713248,0.0,
2.4878907,-0.015211881,0.30852693,0.0,
2.4681613,0.025553113,0.37242985,0.0,
2.476469,0.025553113,0.37242985,0.0,
2.2803934,-0.11610104,0.5125569,70.0,
2.1471946,-0.059993904,1.5499644,0.0,
2.6285233,0.25487065,0.32221186,0.0,
2.7374117,0.20373084,0.18575935,0.0,
2.4850318,0.43757367,0.5818404,122.0,
2.6084514,0.3972974,0.39935607,0.0,
2.1531925,-0.13523711,1.558908,0.0,
2.8242571,0.032987338,0.05200935,0.0,
2.6078713,-0.010212347,0.20986572,0.0,
2.1348412,0.12334573,1.3847857,0.0,
2.031795,0.12334573,1.3847857,0.0,
2.6188872,0.23226957,0.33532062,116.0,
2.4912558,0.03263052,0.33226213,0.0,
2.8205643,0.07285495,0.11684303,0.0,
2.4784067,0.12147103,0.40801713,0.0,
2.6089334,0.11576038,0.2856864,0.0,
2.640266,0.08282902,0.24365416,0.0,
2.6163094,0.10967533,0.27641794,76.0,
2.6067116,0.10967533,0.27641794,0.0,
2.592481,0.09919873,0.2800283,0.0,
2.6150365,0.099308126,0.26523453,0.0,
2.6026692,0.101564385,0.27459392,0.0,
2.6038272,0.098513745,0.27211943,0.0,
2.5989857,0.099110596,0.27565095,0.0,
2.605004,0.0992937,0.27178216,155.0,
2.598411,0.09993406,0.27649844,0.0,
2.6048534,0.09974922,0.27213573,0.0,
2.604136,0.102452315,0.27411947,0.0,
2.6058035,0.10139013,0.27242514,0.0,
2.605417,0.10229826,0.27318627,0.0,
2.5766795,0.10229826,0.27318627,38.0,
2.5775723,0.10149805,0.2722177,0.0,
2.5735571,0.10068672,0.27392092,0.0,
2.5721097,0.10027769,0.27446467,0.0,
2.5740147,0.10088156,0.2737887,0.0,
2.5740433,0.09975726,0.27309206,135.0,
2.5715342,0.09991756,0.2745606,0.0,
2.5749605,0.100646354,0.27312952,0.0,
2.5729506,0.10091546,0.2743916,0.0,
2.573668,0.10035087,0.27365664,0.0,
2.5747387,0.10131796,0.27365664,0.0,
